{
  "code": "def multi_list(m, n):\n    result = []\n    for i in range(m):\n        row = []\n        for j in range(n):\n            row.append(i*j)\n        result.append(row)\n    return result\n",
  "results": {
    "assert multi_list(3,4)==[[0, 0, 0, 0], [0, 1, 2, 3], [0, 2, 4, 6]] ": {
      "result": true,
      "time": 0.04987812042236328,
      "error": null
    },
    "assert multi_list(5,7)==[[0, 0, 0, 0, 0, 0, 0], [0, 1, 2, 3, 4, 5, 6], [0, 2, 4, 6, 8, 10, 12], [0, 3, 6, 9, 12, 15, 18], [0, 4, 8, 12, 16, 20, 24]]": {
      "result": true,
      "time": 0.037053823471069336,
      "error": null
    },
    "assert multi_list(10,15)==[[0, 0, 0, 0, 0, 0, 0, 0, 0, 0, 0, 0, 0, 0, 0], [0, 1, 2, 3, 4, 5, 6, 7, 8, 9, 10, 11, 12, 13, 14], [0, 2, 4, 6, 8, 10, 12, 14, 16, 18, 20, 22, 24, 26, 28], [0, 3, 6, 9, 12, 15, 18, 21, 24, 27, 30, 33, 36, 39, 42], [0, 4, 8, 12, 16, 20, 24, 28, 32, 36, 40, 44, 48, 52, 56], [0, 5, 10, 15, 20, 25, 30, 35, 40, 45, 50, 55, 60, 65, 70], [0, 6, 12, 18, 24, 30, 36, 42, 48, 54, 60, 66, 72, 78, 84], [0, 7, 14, 21, 28, 35, 42, 49, 56, 63, 70, 77, 84, 91, 98], [0, 8, 16, 24, 32, 40, 48, 56, 64, 72, 80, 88, 96, 104, 112], [0, 9, 18, 27, 36, 45, 54, 63, 72, 81, 90, 99, 108, 117, 126]]": {
      "result": true,
      "time": 0.04230833053588867,
      "error": null
    },
    "assert multi_list(6, 1) == [[0], [0], [0], [0], [0], [0]]": {
      "result": true,
      "time": 0.03346610069274902,
      "error": null
    },
    "assert multi_list(2, 1) == [[0], [0]]": {
      "result": true,
      "time": 0.03435158729553223,
      "error": null
    },
    "assert multi_list(2, 6) == [[0, 0, 0, 0, 0, 0], [0, 1, 2, 3, 4, 5]]": {
      "result": true,
      "time": 0.03612351417541504,
      "error": null
    },
    "assert multi_list(1, 7) == [[0, 0, 0, 0, 0, 0, 0]]": {
      "result": true,
      "time": 0.027464866638183594,
      "error": null
    },
    "assert multi_list(8, 6) == [[0, 0, 0, 0, 0, 0], [0, 1, 2, 3, 4, 5], [0, 2, 4, 6, 8, 10], [0, 3, 6, 9, 12, 15], [0, 4, 8, 12, 16, 20], [0, 5, 10, 15, 20, 25], [0, 6, 12, 18, 24, 30], [0, 7, 14, 21, 28, 35]]": {
      "result": true,
      "time": 0.0348811149597168,
      "error": null
    },
    "assert multi_list(5, 3) == [[0, 0, 0], [0, 1, 2], [0, 2, 4], [0, 3, 6], [0, 4, 8]]": {
      "result": true,
      "time": 0.03659510612487793,
      "error": null
    },
    "assert multi_list(7, 8) == [[0, 0, 0, 0, 0, 0, 0, 0], [0, 1, 2, 3, 4, 5, 6, 7], [0, 2, 4, 6, 8, 10, 12, 14], [0, 3, 6, 9, 12, 15, 18, 21], [0, 4, 8, 12, 16, 20, 24, 28], [0, 5, 10, 15, 20, 25, 30, 35], [0, 6, 12, 18, 24, 30, 36, 42]]": {
      "result": true,
      "time": 0.03777670860290527,
      "error": null
    },
    "assert multi_list(5, 4) == [[0, 0, 0, 0], [0, 1, 2, 3], [0, 2, 4, 6], [0, 3, 6, 9], [0, 4, 8, 12]]": {
      "result": true,
      "time": 0.03297543525695801,
      "error": null
    },
    "assert multi_list(1, 8) == [[0, 0, 0, 0, 0, 0, 0, 0]]": {
      "result": true,
      "time": 0.04172253608703613,
      "error": null
    },
    "assert multi_list(6, 5) == [[0, 0, 0, 0, 0], [0, 1, 2, 3, 4], [0, 2, 4, 6, 8], [0, 3, 6, 9, 12], [0, 4, 8, 12, 16], [0, 5, 10, 15, 20]]": {
      "result": true,
      "time": 0.04255270957946777,
      "error": null
    },
    "assert multi_list(4, 6) == [[0, 0, 0, 0, 0, 0], [0, 1, 2, 3, 4, 5], [0, 2, 4, 6, 8, 10], [0, 3, 6, 9, 12, 15]]": {
      "result": true,
      "time": 0.03382277488708496,
      "error": null
    },
    "assert multi_list(3, 6) == [[0, 0, 0, 0, 0, 0], [0, 1, 2, 3, 4, 5], [0, 2, 4, 6, 8, 10]]": {
      "result": true,
      "time": 0.03978133201599121,
      "error": null
    },
    "assert multi_list(3, 4) == [[0, 0, 0, 0], [0, 1, 2, 3], [0, 2, 4, 6]]": {
      "result": true,
      "time": 0.036975860595703125,
      "error": null
    },
    "assert multi_list(7, 3) == [[0, 0, 0], [0, 1, 2], [0, 2, 4], [0, 3, 6], [0, 4, 8], [0, 5, 10], [0, 6, 12]]": {
      "result": true,
      "time": 0.03612112998962402,
      "error": null
    },
    "assert multi_list(8, 9) == [[0, 0, 0, 0, 0, 0, 0, 0, 0], [0, 1, 2, 3, 4, 5, 6, 7, 8], [0, 2, 4, 6, 8, 10, 12, 14, 16], [0, 3, 6, 9, 12, 15, 18, 21, 24], [0, 4, 8, 12, 16, 20, 24, 28, 32], [0, 5, 10, 15, 20, 25, 30, 35, 40], [0, 6, 12, 18, 24, 30, 36, 42, 48], [0, 7, 14, 21, 28, 35, 42, 49, 56]]": {
      "result": true,
      "time": 0.04052019119262695,
      "error": null
    },
    "assert multi_list(1, 6) == [[0, 0, 0, 0, 0, 0]]": {
      "result": true,
      "time": 0.03759455680847168,
      "error": null
    },
    "assert multi_list(6, 2) == [[0, 0], [0, 1], [0, 2], [0, 3], [0, 4], [0, 5]]": {
      "result": true,
      "time": 0.03571176528930664,
      "error": null
    },
    "assert multi_list(8, 8) == [[0, 0, 0, 0, 0, 0, 0, 0], [0, 1, 2, 3, 4, 5, 6, 7], [0, 2, 4, 6, 8, 10, 12, 14], [0, 3, 6, 9, 12, 15, 18, 21], [0, 4, 8, 12, 16, 20, 24, 28], [0, 5, 10, 15, 20, 25, 30, 35], [0, 6, 12, 18, 24, 30, 36, 42], [0, 7, 14, 21, 28, 35, 42, 49]]": {
      "result": true,
      "time": 0.038974761962890625,
      "error": null
    },
    "assert multi_list(1, 2) == [[0, 0]]": {
      "result": true,
      "time": 0.03821086883544922,
      "error": null
    },
    "assert multi_list(1, 9) == [[0, 0, 0, 0, 0, 0, 0, 0, 0]]": {
      "result": true,
      "time": 0.03648734092712402,
      "error": null
    },
    "assert multi_list(4, 3) == [[0, 0, 0], [0, 1, 2], [0, 2, 4], [0, 3, 6]]": {
      "result": true,
      "time": 0.042556047439575195,
      "error": null
    },
    "assert multi_list(1, 1) == [[0]]": {
      "result": true,
      "time": 0.03168535232543945,
      "error": null
    },
    "assert multi_list(6, 4) == [[0, 0, 0, 0], [0, 1, 2, 3], [0, 2, 4, 6], [0, 3, 6, 9], [0, 4, 8, 12], [0, 5, 10, 15]]": {
      "result": true,
      "time": 0.04944753646850586,
      "error": null
    },
    "assert multi_list(1, 5) == [[0, 0, 0, 0, 0]]": {
      "result": true,
      "time": 0.03268170356750488,
      "error": null
    },
    "assert multi_list(7, 1) == [[0], [0], [0], [0], [0], [0], [0]]": {
      "result": true,
      "time": 0.030176877975463867,
      "error": null
    },
    "assert multi_list(9, 12) == [[0, 0, 0, 0, 0, 0, 0, 0, 0, 0, 0, 0], [0, 1, 2, 3, 4, 5, 6, 7, 8, 9, 10, 11], [0, 2, 4, 6, 8, 10, 12, 14, 16, 18, 20, 22], [0, 3, 6, 9, 12, 15, 18, 21, 24, 27, 30, 33], [0, 4, 8, 12, 16, 20, 24, 28, 32, 36, 40, 44], [0, 5, 10, 15, 20, 25, 30, 35, 40, 45, 50, 55], [0, 6, 12, 18, 24, 30, 36, 42, 48, 54, 60, 66], [0, 7, 14, 21, 28, 35, 42, 49, 56, 63, 70, 77], [0, 8, 16, 24, 32, 40, 48, 56, 64, 72, 80, 88]]": {
      "result": true,
      "time": 0.03662538528442383,
      "error": null
    },
    "assert multi_list(3, 10) == [[0, 0, 0, 0, 0, 0, 0, 0, 0, 0], [0, 1, 2, 3, 4, 5, 6, 7, 8, 9], [0, 2, 4, 6, 8, 10, 12, 14, 16, 18]]": {
      "result": true,
      "time": 0.03724813461303711,
      "error": null
    },
    "assert multi_list(3, 11) == [[0, 0, 0, 0, 0, 0, 0, 0, 0, 0, 0], [0, 1, 2, 3, 4, 5, 6, 7, 8, 9, 10], [0, 2, 4, 6, 8, 10, 12, 14, 16, 18, 20]]": {
      "result": true,
      "time": 0.0384984016418457,
      "error": null
    },
    "assert multi_list(4, 12) == [[0, 0, 0, 0, 0, 0, 0, 0, 0, 0, 0, 0], [0, 1, 2, 3, 4, 5, 6, 7, 8, 9, 10, 11], [0, 2, 4, 6, 8, 10, 12, 14, 16, 18, 20, 22], [0, 3, 6, 9, 12, 15, 18, 21, 24, 27, 30, 33]]": {
      "result": true,
      "time": 0.044660091400146484,
      "error": null
    },
    "assert multi_list(9, 3) == [[0, 0, 0], [0, 1, 2], [0, 2, 4], [0, 3, 6], [0, 4, 8], [0, 5, 10], [0, 6, 12], [0, 7, 14], [0, 8, 16]]": {
      "result": true,
      "time": 0.03665328025817871,
      "error": null
    },
    "assert multi_list(2, 3) == [[0, 0, 0], [0, 1, 2]]": {
      "result": true,
      "time": 0.03681135177612305,
      "error": null
    },
    "assert multi_list(2, 11) == [[0, 0, 0, 0, 0, 0, 0, 0, 0, 0, 0], [0, 1, 2, 3, 4, 5, 6, 7, 8, 9, 10]]": {
      "result": true,
      "time": 0.03851580619812012,
      "error": null
    },
    "assert multi_list(4, 11) == [[0, 0, 0, 0, 0, 0, 0, 0, 0, 0, 0], [0, 1, 2, 3, 4, 5, 6, 7, 8, 9, 10], [0, 2, 4, 6, 8, 10, 12, 14, 16, 18, 20], [0, 3, 6, 9, 12, 15, 18, 21, 24, 27, 30]]": {
      "result": true,
      "time": 0.04113364219665527,
      "error": null
    },
    "assert multi_list(2, 4) == [[0, 0, 0, 0], [0, 1, 2, 3]]": {
      "result": true,
      "time": 0.03957247734069824,
      "error": null
    },
    "assert multi_list(1, 11) == [[0, 0, 0, 0, 0, 0, 0, 0, 0, 0, 0]]": {
      "result": true,
      "time": 0.04226565361022949,
      "error": null
    },
    "assert multi_list(5, 9) == [[0, 0, 0, 0, 0, 0, 0, 0, 0], [0, 1, 2, 3, 4, 5, 6, 7, 8], [0, 2, 4, 6, 8, 10, 12, 14, 16], [0, 3, 6, 9, 12, 15, 18, 21, 24], [0, 4, 8, 12, 16, 20, 24, 28, 32]]": {
      "result": true,
      "time": 0.04040646553039551,
      "error": null
    },
    "assert multi_list(8, 11) == [[0, 0, 0, 0, 0, 0, 0, 0, 0, 0, 0], [0, 1, 2, 3, 4, 5, 6, 7, 8, 9, 10], [0, 2, 4, 6, 8, 10, 12, 14, 16, 18, 20], [0, 3, 6, 9, 12, 15, 18, 21, 24, 27, 30], [0, 4, 8, 12, 16, 20, 24, 28, 32, 36, 40], [0, 5, 10, 15, 20, 25, 30, 35, 40, 45, 50], [0, 6, 12, 18, 24, 30, 36, 42, 48, 54, 60], [0, 7, 14, 21, 28, 35, 42, 49, 56, 63, 70]]": {
      "result": true,
      "time": 0.03838992118835449,
      "error": null
    },
    "assert multi_list(7, 2) == [[0, 0], [0, 1], [0, 2], [0, 3], [0, 4], [0, 5], [0, 6]]": {
      "result": true,
      "time": 0.04110360145568848,
      "error": null
    },
    "assert multi_list(7, 12) == [[0, 0, 0, 0, 0, 0, 0, 0, 0, 0, 0, 0], [0, 1, 2, 3, 4, 5, 6, 7, 8, 9, 10, 11], [0, 2, 4, 6, 8, 10, 12, 14, 16, 18, 20, 22], [0, 3, 6, 9, 12, 15, 18, 21, 24, 27, 30, 33], [0, 4, 8, 12, 16, 20, 24, 28, 32, 36, 40, 44], [0, 5, 10, 15, 20, 25, 30, 35, 40, 45, 50, 55], [0, 6, 12, 18, 24, 30, 36, 42, 48, 54, 60, 66]]": {
      "result": true,
      "time": 0.03927206993103027,
      "error": null
    },
    "assert multi_list(7, 7) == [[0, 0, 0, 0, 0, 0, 0], [0, 1, 2, 3, 4, 5, 6], [0, 2, 4, 6, 8, 10, 12], [0, 3, 6, 9, 12, 15, 18], [0, 4, 8, 12, 16, 20, 24], [0, 5, 10, 15, 20, 25, 30], [0, 6, 12, 18, 24, 30, 36]]": {
      "result": true,
      "time": 0.03722238540649414,
      "error": null
    },
    "assert multi_list(9, 4) == [[0, 0, 0, 0], [0, 1, 2, 3], [0, 2, 4, 6], [0, 3, 6, 9], [0, 4, 8, 12], [0, 5, 10, 15], [0, 6, 12, 18], [0, 7, 14, 21], [0, 8, 16, 24]]": {
      "result": true,
      "time": 0.03432130813598633,
      "error": null
    },
    "assert multi_list(7, 6) == [[0, 0, 0, 0, 0, 0], [0, 1, 2, 3, 4, 5], [0, 2, 4, 6, 8, 10], [0, 3, 6, 9, 12, 15], [0, 4, 8, 12, 16, 20], [0, 5, 10, 15, 20, 25], [0, 6, 12, 18, 24, 30]]": {
      "result": true,
      "time": 0.030676603317260742,
      "error": null
    },
    "assert multi_list(10, 9) == [[0, 0, 0, 0, 0, 0, 0, 0, 0], [0, 1, 2, 3, 4, 5, 6, 7, 8], [0, 2, 4, 6, 8, 10, 12, 14, 16], [0, 3, 6, 9, 12, 15, 18, 21, 24], [0, 4, 8, 12, 16, 20, 24, 28, 32], [0, 5, 10, 15, 20, 25, 30, 35, 40], [0, 6, 12, 18, 24, 30, 36, 42, 48], [0, 7, 14, 21, 28, 35, 42, 49, 56], [0, 8, 16, 24, 32, 40, 48, 56, 64], [0, 9, 18, 27, 36, 45, 54, 63, 72]]": {
      "result": true,
      "time": 0.038181304931640625,
      "error": null
    },
    "assert multi_list(10, 8) == [[0, 0, 0, 0, 0, 0, 0, 0], [0, 1, 2, 3, 4, 5, 6, 7], [0, 2, 4, 6, 8, 10, 12, 14], [0, 3, 6, 9, 12, 15, 18, 21], [0, 4, 8, 12, 16, 20, 24, 28], [0, 5, 10, 15, 20, 25, 30, 35], [0, 6, 12, 18, 24, 30, 36, 42], [0, 7, 14, 21, 28, 35, 42, 49], [0, 8, 16, 24, 32, 40, 48, 56], [0, 9, 18, 27, 36, 45, 54, 63]]": {
      "result": true,
      "time": 0.03275704383850098,
      "error": null
    },
    "assert multi_list(5, 11) == [[0, 0, 0, 0, 0, 0, 0, 0, 0, 0, 0], [0, 1, 2, 3, 4, 5, 6, 7, 8, 9, 10], [0, 2, 4, 6, 8, 10, 12, 14, 16, 18, 20], [0, 3, 6, 9, 12, 15, 18, 21, 24, 27, 30], [0, 4, 8, 12, 16, 20, 24, 28, 32, 36, 40]]": {
      "result": true,
      "time": 0.04214882850646973,
      "error": null
    },
    "assert multi_list(3, 2) == [[0, 0], [0, 1], [0, 2]]": {
      "result": true,
      "time": 0.03561878204345703,
      "error": null
    },
    "assert multi_list(9, 10) == [[0, 0, 0, 0, 0, 0, 0, 0, 0, 0], [0, 1, 2, 3, 4, 5, 6, 7, 8, 9], [0, 2, 4, 6, 8, 10, 12, 14, 16, 18], [0, 3, 6, 9, 12, 15, 18, 21, 24, 27], [0, 4, 8, 12, 16, 20, 24, 28, 32, 36], [0, 5, 10, 15, 20, 25, 30, 35, 40, 45], [0, 6, 12, 18, 24, 30, 36, 42, 48, 54], [0, 7, 14, 21, 28, 35, 42, 49, 56, 63], [0, 8, 16, 24, 32, 40, 48, 56, 64, 72]]": {
      "result": true,
      "time": 0.03673052787780762,
      "error": null
    },
    "assert multi_list(12, 17) == [[0, 0, 0, 0, 0, 0, 0, 0, 0, 0, 0, 0, 0, 0, 0, 0, 0], [0, 1, 2, 3, 4, 5, 6, 7, 8, 9, 10, 11, 12, 13, 14, 15, 16], [0, 2, 4, 6, 8, 10, 12, 14, 16, 18, 20, 22, 24, 26, 28, 30, 32], [0, 3, 6, 9, 12, 15, 18, 21, 24, 27, 30, 33, 36, 39, 42, 45, 48], [0, 4, 8, 12, 16, 20, 24, 28, 32, 36, 40, 44, 48, 52, 56, 60, 64], [0, 5, 10, 15, 20, 25, 30, 35, 40, 45, 50, 55, 60, 65, 70, 75, 80], [0, 6, 12, 18, 24, 30, 36, 42, 48, 54, 60, 66, 72, 78, 84, 90, 96], [0, 7, 14, 21, 28, 35, 42, 49, 56, 63, 70, 77, 84, 91, 98, 105, 112], [0, 8, 16, 24, 32, 40, 48, 56, 64, 72, 80, 88, 96, 104, 112, 120, 128], [0, 9, 18, 27, 36, 45, 54, 63, 72, 81, 90, 99, 108, 117, 126, 135, 144], [0, 10, 20, 30, 40, 50, 60, 70, 80, 90, 100, 110, 120, 130, 140, 150, 160], [0, 11, 22, 33, 44, 55, 66, 77, 88, 99, 110, 121, 132, 143, 154, 165, 176]]": {
      "result": true,
      "time": 0.04343056678771973,
      "error": null
    },
    "assert multi_list(15, 16) == [[0, 0, 0, 0, 0, 0, 0, 0, 0, 0, 0, 0, 0, 0, 0, 0], [0, 1, 2, 3, 4, 5, 6, 7, 8, 9, 10, 11, 12, 13, 14, 15], [0, 2, 4, 6, 8, 10, 12, 14, 16, 18, 20, 22, 24, 26, 28, 30], [0, 3, 6, 9, 12, 15, 18, 21, 24, 27, 30, 33, 36, 39, 42, 45], [0, 4, 8, 12, 16, 20, 24, 28, 32, 36, 40, 44, 48, 52, 56, 60], [0, 5, 10, 15, 20, 25, 30, 35, 40, 45, 50, 55, 60, 65, 70, 75], [0, 6, 12, 18, 24, 30, 36, 42, 48, 54, 60, 66, 72, 78, 84, 90], [0, 7, 14, 21, 28, 35, 42, 49, 56, 63, 70, 77, 84, 91, 98, 105], [0, 8, 16, 24, 32, 40, 48, 56, 64, 72, 80, 88, 96, 104, 112, 120], [0, 9, 18, 27, 36, 45, 54, 63, 72, 81, 90, 99, 108, 117, 126, 135], [0, 10, 20, 30, 40, 50, 60, 70, 80, 90, 100, 110, 120, 130, 140, 150], [0, 11, 22, 33, 44, 55, 66, 77, 88, 99, 110, 121, 132, 143, 154, 165], [0, 12, 24, 36, 48, 60, 72, 84, 96, 108, 120, 132, 144, 156, 168, 180], [0, 13, 26, 39, 52, 65, 78, 91, 104, 117, 130, 143, 156, 169, 182, 195], [0, 14, 28, 42, 56, 70, 84, 98, 112, 126, 140, 154, 168, 182, 196, 210]]": {
      "result": true,
      "time": 0.04139900207519531,
      "error": null
    },
    "assert multi_list(9, 18) == [[0, 0, 0, 0, 0, 0, 0, 0, 0, 0, 0, 0, 0, 0, 0, 0, 0, 0], [0, 1, 2, 3, 4, 5, 6, 7, 8, 9, 10, 11, 12, 13, 14, 15, 16, 17], [0, 2, 4, 6, 8, 10, 12, 14, 16, 18, 20, 22, 24, 26, 28, 30, 32, 34], [0, 3, 6, 9, 12, 15, 18, 21, 24, 27, 30, 33, 36, 39, 42, 45, 48, 51], [0, 4, 8, 12, 16, 20, 24, 28, 32, 36, 40, 44, 48, 52, 56, 60, 64, 68], [0, 5, 10, 15, 20, 25, 30, 35, 40, 45, 50, 55, 60, 65, 70, 75, 80, 85], [0, 6, 12, 18, 24, 30, 36, 42, 48, 54, 60, 66, 72, 78, 84, 90, 96, 102], [0, 7, 14, 21, 28, 35, 42, 49, 56, 63, 70, 77, 84, 91, 98, 105, 112, 119], [0, 8, 16, 24, 32, 40, 48, 56, 64, 72, 80, 88, 96, 104, 112, 120, 128, 136]]": {
      "result": true,
      "time": 0.04343295097351074,
      "error": null
    },
    "assert multi_list(7, 16) == [[0, 0, 0, 0, 0, 0, 0, 0, 0, 0, 0, 0, 0, 0, 0, 0], [0, 1, 2, 3, 4, 5, 6, 7, 8, 9, 10, 11, 12, 13, 14, 15], [0, 2, 4, 6, 8, 10, 12, 14, 16, 18, 20, 22, 24, 26, 28, 30], [0, 3, 6, 9, 12, 15, 18, 21, 24, 27, 30, 33, 36, 39, 42, 45], [0, 4, 8, 12, 16, 20, 24, 28, 32, 36, 40, 44, 48, 52, 56, 60], [0, 5, 10, 15, 20, 25, 30, 35, 40, 45, 50, 55, 60, 65, 70, 75], [0, 6, 12, 18, 24, 30, 36, 42, 48, 54, 60, 66, 72, 78, 84, 90]]": {
      "result": true,
      "time": 0.035987138748168945,
      "error": null
    },
    "assert multi_list(11, 13) == [[0, 0, 0, 0, 0, 0, 0, 0, 0, 0, 0, 0, 0], [0, 1, 2, 3, 4, 5, 6, 7, 8, 9, 10, 11, 12], [0, 2, 4, 6, 8, 10, 12, 14, 16, 18, 20, 22, 24], [0, 3, 6, 9, 12, 15, 18, 21, 24, 27, 30, 33, 36], [0, 4, 8, 12, 16, 20, 24, 28, 32, 36, 40, 44, 48], [0, 5, 10, 15, 20, 25, 30, 35, 40, 45, 50, 55, 60], [0, 6, 12, 18, 24, 30, 36, 42, 48, 54, 60, 66, 72], [0, 7, 14, 21, 28, 35, 42, 49, 56, 63, 70, 77, 84], [0, 8, 16, 24, 32, 40, 48, 56, 64, 72, 80, 88, 96], [0, 9, 18, 27, 36, 45, 54, 63, 72, 81, 90, 99, 108], [0, 10, 20, 30, 40, 50, 60, 70, 80, 90, 100, 110, 120]]": {
      "result": true,
      "time": 0.03894686698913574,
      "error": null
    },
    "assert multi_list(13, 17) == [[0, 0, 0, 0, 0, 0, 0, 0, 0, 0, 0, 0, 0, 0, 0, 0, 0], [0, 1, 2, 3, 4, 5, 6, 7, 8, 9, 10, 11, 12, 13, 14, 15, 16], [0, 2, 4, 6, 8, 10, 12, 14, 16, 18, 20, 22, 24, 26, 28, 30, 32], [0, 3, 6, 9, 12, 15, 18, 21, 24, 27, 30, 33, 36, 39, 42, 45, 48], [0, 4, 8, 12, 16, 20, 24, 28, 32, 36, 40, 44, 48, 52, 56, 60, 64], [0, 5, 10, 15, 20, 25, 30, 35, 40, 45, 50, 55, 60, 65, 70, 75, 80], [0, 6, 12, 18, 24, 30, 36, 42, 48, 54, 60, 66, 72, 78, 84, 90, 96], [0, 7, 14, 21, 28, 35, 42, 49, 56, 63, 70, 77, 84, 91, 98, 105, 112], [0, 8, 16, 24, 32, 40, 48, 56, 64, 72, 80, 88, 96, 104, 112, 120, 128], [0, 9, 18, 27, 36, 45, 54, 63, 72, 81, 90, 99, 108, 117, 126, 135, 144], [0, 10, 20, 30, 40, 50, 60, 70, 80, 90, 100, 110, 120, 130, 140, 150, 160], [0, 11, 22, 33, 44, 55, 66, 77, 88, 99, 110, 121, 132, 143, 154, 165, 176], [0, 12, 24, 36, 48, 60, 72, 84, 96, 108, 120, 132, 144, 156, 168, 180, 192]]": {
      "result": true,
      "time": 0.039507389068603516,
      "error": null
    },
    "assert multi_list(14, 18) == [[0, 0, 0, 0, 0, 0, 0, 0, 0, 0, 0, 0, 0, 0, 0, 0, 0, 0], [0, 1, 2, 3, 4, 5, 6, 7, 8, 9, 10, 11, 12, 13, 14, 15, 16, 17], [0, 2, 4, 6, 8, 10, 12, 14, 16, 18, 20, 22, 24, 26, 28, 30, 32, 34], [0, 3, 6, 9, 12, 15, 18, 21, 24, 27, 30, 33, 36, 39, 42, 45, 48, 51], [0, 4, 8, 12, 16, 20, 24, 28, 32, 36, 40, 44, 48, 52, 56, 60, 64, 68], [0, 5, 10, 15, 20, 25, 30, 35, 40, 45, 50, 55, 60, 65, 70, 75, 80, 85], [0, 6, 12, 18, 24, 30, 36, 42, 48, 54, 60, 66, 72, 78, 84, 90, 96, 102], [0, 7, 14, 21, 28, 35, 42, 49, 56, 63, 70, 77, 84, 91, 98, 105, 112, 119], [0, 8, 16, 24, 32, 40, 48, 56, 64, 72, 80, 88, 96, 104, 112, 120, 128, 136], [0, 9, 18, 27, 36, 45, 54, 63, 72, 81, 90, 99, 108, 117, 126, 135, 144, 153], [0, 10, 20, 30, 40, 50, 60, 70, 80, 90, 100, 110, 120, 130, 140, 150, 160, 170], [0, 11, 22, 33, 44, 55, 66, 77, 88, 99, 110, 121, 132, 143, 154, 165, 176, 187], [0, 12, 24, 36, 48, 60, 72, 84, 96, 108, 120, 132, 144, 156, 168, 180, 192, 204], [0, 13, 26, 39, 52, 65, 78, 91, 104, 117, 130, 143, 156, 169, 182, 195, 208, 221]]": {
      "result": true,
      "time": 0.03921175003051758,
      "error": null
    },
    "assert multi_list(12, 15) == [[0, 0, 0, 0, 0, 0, 0, 0, 0, 0, 0, 0, 0, 0, 0], [0, 1, 2, 3, 4, 5, 6, 7, 8, 9, 10, 11, 12, 13, 14], [0, 2, 4, 6, 8, 10, 12, 14, 16, 18, 20, 22, 24, 26, 28], [0, 3, 6, 9, 12, 15, 18, 21, 24, 27, 30, 33, 36, 39, 42], [0, 4, 8, 12, 16, 20, 24, 28, 32, 36, 40, 44, 48, 52, 56], [0, 5, 10, 15, 20, 25, 30, 35, 40, 45, 50, 55, 60, 65, 70], [0, 6, 12, 18, 24, 30, 36, 42, 48, 54, 60, 66, 72, 78, 84], [0, 7, 14, 21, 28, 35, 42, 49, 56, 63, 70, 77, 84, 91, 98], [0, 8, 16, 24, 32, 40, 48, 56, 64, 72, 80, 88, 96, 104, 112], [0, 9, 18, 27, 36, 45, 54, 63, 72, 81, 90, 99, 108, 117, 126], [0, 10, 20, 30, 40, 50, 60, 70, 80, 90, 100, 110, 120, 130, 140], [0, 11, 22, 33, 44, 55, 66, 77, 88, 99, 110, 121, 132, 143, 154]]": {
      "result": true,
      "time": 0.0359339714050293,
      "error": null
    },
    "assert multi_list(5, 15) == [[0, 0, 0, 0, 0, 0, 0, 0, 0, 0, 0, 0, 0, 0, 0], [0, 1, 2, 3, 4, 5, 6, 7, 8, 9, 10, 11, 12, 13, 14], [0, 2, 4, 6, 8, 10, 12, 14, 16, 18, 20, 22, 24, 26, 28], [0, 3, 6, 9, 12, 15, 18, 21, 24, 27, 30, 33, 36, 39, 42], [0, 4, 8, 12, 16, 20, 24, 28, 32, 36, 40, 44, 48, 52, 56]]": {
      "result": true,
      "time": 0.03971409797668457,
      "error": null
    },
    "assert multi_list(6, 10) == [[0, 0, 0, 0, 0, 0, 0, 0, 0, 0], [0, 1, 2, 3, 4, 5, 6, 7, 8, 9], [0, 2, 4, 6, 8, 10, 12, 14, 16, 18], [0, 3, 6, 9, 12, 15, 18, 21, 24, 27], [0, 4, 8, 12, 16, 20, 24, 28, 32, 36], [0, 5, 10, 15, 20, 25, 30, 35, 40, 45]]": {
      "result": true,
      "time": 0.040967702865600586,
      "error": null
    },
    "assert multi_list(8, 16) == [[0, 0, 0, 0, 0, 0, 0, 0, 0, 0, 0, 0, 0, 0, 0, 0], [0, 1, 2, 3, 4, 5, 6, 7, 8, 9, 10, 11, 12, 13, 14, 15], [0, 2, 4, 6, 8, 10, 12, 14, 16, 18, 20, 22, 24, 26, 28, 30], [0, 3, 6, 9, 12, 15, 18, 21, 24, 27, 30, 33, 36, 39, 42, 45], [0, 4, 8, 12, 16, 20, 24, 28, 32, 36, 40, 44, 48, 52, 56, 60], [0, 5, 10, 15, 20, 25, 30, 35, 40, 45, 50, 55, 60, 65, 70, 75], [0, 6, 12, 18, 24, 30, 36, 42, 48, 54, 60, 66, 72, 78, 84, 90], [0, 7, 14, 21, 28, 35, 42, 49, 56, 63, 70, 77, 84, 91, 98, 105]]": {
      "result": true,
      "time": 0.0416717529296875,
      "error": null
    },
    "assert multi_list(8, 10) == [[0, 0, 0, 0, 0, 0, 0, 0, 0, 0], [0, 1, 2, 3, 4, 5, 6, 7, 8, 9], [0, 2, 4, 6, 8, 10, 12, 14, 16, 18], [0, 3, 6, 9, 12, 15, 18, 21, 24, 27], [0, 4, 8, 12, 16, 20, 24, 28, 32, 36], [0, 5, 10, 15, 20, 25, 30, 35, 40, 45], [0, 6, 12, 18, 24, 30, 36, 42, 48, 54], [0, 7, 14, 21, 28, 35, 42, 49, 56, 63]]": {
      "result": true,
      "time": 0.03920269012451172,
      "error": null
    },
    "assert multi_list(7, 13) == [[0, 0, 0, 0, 0, 0, 0, 0, 0, 0, 0, 0, 0], [0, 1, 2, 3, 4, 5, 6, 7, 8, 9, 10, 11, 12], [0, 2, 4, 6, 8, 10, 12, 14, 16, 18, 20, 22, 24], [0, 3, 6, 9, 12, 15, 18, 21, 24, 27, 30, 33, 36], [0, 4, 8, 12, 16, 20, 24, 28, 32, 36, 40, 44, 48], [0, 5, 10, 15, 20, 25, 30, 35, 40, 45, 50, 55, 60], [0, 6, 12, 18, 24, 30, 36, 42, 48, 54, 60, 66, 72]]": {
      "result": true,
      "time": 0.03629875183105469,
      "error": null
    },
    "assert multi_list(10, 13) == [[0, 0, 0, 0, 0, 0, 0, 0, 0, 0, 0, 0, 0], [0, 1, 2, 3, 4, 5, 6, 7, 8, 9, 10, 11, 12], [0, 2, 4, 6, 8, 10, 12, 14, 16, 18, 20, 22, 24], [0, 3, 6, 9, 12, 15, 18, 21, 24, 27, 30, 33, 36], [0, 4, 8, 12, 16, 20, 24, 28, 32, 36, 40, 44, 48], [0, 5, 10, 15, 20, 25, 30, 35, 40, 45, 50, 55, 60], [0, 6, 12, 18, 24, 30, 36, 42, 48, 54, 60, 66, 72], [0, 7, 14, 21, 28, 35, 42, 49, 56, 63, 70, 77, 84], [0, 8, 16, 24, 32, 40, 48, 56, 64, 72, 80, 88, 96], [0, 9, 18, 27, 36, 45, 54, 63, 72, 81, 90, 99, 108]]": {
      "result": true,
      "time": 0.03846454620361328,
      "error": null
    },
    "assert multi_list(6, 11) == [[0, 0, 0, 0, 0, 0, 0, 0, 0, 0, 0], [0, 1, 2, 3, 4, 5, 6, 7, 8, 9, 10], [0, 2, 4, 6, 8, 10, 12, 14, 16, 18, 20], [0, 3, 6, 9, 12, 15, 18, 21, 24, 27, 30], [0, 4, 8, 12, 16, 20, 24, 28, 32, 36, 40], [0, 5, 10, 15, 20, 25, 30, 35, 40, 45, 50]]": {
      "result": true,
      "time": 0.05220508575439453,
      "error": null
    },
    "assert multi_list(7, 14) == [[0, 0, 0, 0, 0, 0, 0, 0, 0, 0, 0, 0, 0, 0], [0, 1, 2, 3, 4, 5, 6, 7, 8, 9, 10, 11, 12, 13], [0, 2, 4, 6, 8, 10, 12, 14, 16, 18, 20, 22, 24, 26], [0, 3, 6, 9, 12, 15, 18, 21, 24, 27, 30, 33, 36, 39], [0, 4, 8, 12, 16, 20, 24, 28, 32, 36, 40, 44, 48, 52], [0, 5, 10, 15, 20, 25, 30, 35, 40, 45, 50, 55, 60, 65], [0, 6, 12, 18, 24, 30, 36, 42, 48, 54, 60, 66, 72, 78]]": {
      "result": true,
      "time": 0.039663076400756836,
      "error": null
    },
    "assert multi_list(10, 14) == [[0, 0, 0, 0, 0, 0, 0, 0, 0, 0, 0, 0, 0, 0], [0, 1, 2, 3, 4, 5, 6, 7, 8, 9, 10, 11, 12, 13], [0, 2, 4, 6, 8, 10, 12, 14, 16, 18, 20, 22, 24, 26], [0, 3, 6, 9, 12, 15, 18, 21, 24, 27, 30, 33, 36, 39], [0, 4, 8, 12, 16, 20, 24, 28, 32, 36, 40, 44, 48, 52], [0, 5, 10, 15, 20, 25, 30, 35, 40, 45, 50, 55, 60, 65], [0, 6, 12, 18, 24, 30, 36, 42, 48, 54, 60, 66, 72, 78], [0, 7, 14, 21, 28, 35, 42, 49, 56, 63, 70, 77, 84, 91], [0, 8, 16, 24, 32, 40, 48, 56, 64, 72, 80, 88, 96, 104], [0, 9, 18, 27, 36, 45, 54, 63, 72, 81, 90, 99, 108, 117]]": {
      "result": true,
      "time": 0.042777299880981445,
      "error": null
    },
    "assert multi_list(5, 20) == [[0, 0, 0, 0, 0, 0, 0, 0, 0, 0, 0, 0, 0, 0, 0, 0, 0, 0, 0, 0], [0, 1, 2, 3, 4, 5, 6, 7, 8, 9, 10, 11, 12, 13, 14, 15, 16, 17, 18, 19], [0, 2, 4, 6, 8, 10, 12, 14, 16, 18, 20, 22, 24, 26, 28, 30, 32, 34, 36, 38], [0, 3, 6, 9, 12, 15, 18, 21, 24, 27, 30, 33, 36, 39, 42, 45, 48, 51, 54, 57], [0, 4, 8, 12, 16, 20, 24, 28, 32, 36, 40, 44, 48, 52, 56, 60, 64, 68, 72, 76]]": {
      "result": true,
      "time": 0.03465723991394043,
      "error": null
    },
    "assert multi_list(14, 16) == [[0, 0, 0, 0, 0, 0, 0, 0, 0, 0, 0, 0, 0, 0, 0, 0], [0, 1, 2, 3, 4, 5, 6, 7, 8, 9, 10, 11, 12, 13, 14, 15], [0, 2, 4, 6, 8, 10, 12, 14, 16, 18, 20, 22, 24, 26, 28, 30], [0, 3, 6, 9, 12, 15, 18, 21, 24, 27, 30, 33, 36, 39, 42, 45], [0, 4, 8, 12, 16, 20, 24, 28, 32, 36, 40, 44, 48, 52, 56, 60], [0, 5, 10, 15, 20, 25, 30, 35, 40, 45, 50, 55, 60, 65, 70, 75], [0, 6, 12, 18, 24, 30, 36, 42, 48, 54, 60, 66, 72, 78, 84, 90], [0, 7, 14, 21, 28, 35, 42, 49, 56, 63, 70, 77, 84, 91, 98, 105], [0, 8, 16, 24, 32, 40, 48, 56, 64, 72, 80, 88, 96, 104, 112, 120], [0, 9, 18, 27, 36, 45, 54, 63, 72, 81, 90, 99, 108, 117, 126, 135], [0, 10, 20, 30, 40, 50, 60, 70, 80, 90, 100, 110, 120, 130, 140, 150], [0, 11, 22, 33, 44, 55, 66, 77, 88, 99, 110, 121, 132, 143, 154, 165], [0, 12, 24, 36, 48, 60, 72, 84, 96, 108, 120, 132, 144, 156, 168, 180], [0, 13, 26, 39, 52, 65, 78, 91, 104, 117, 130, 143, 156, 169, 182, 195]]": {
      "result": true,
      "time": 0.04313945770263672,
      "error": null
    },
    "assert multi_list(10, 17) == [[0, 0, 0, 0, 0, 0, 0, 0, 0, 0, 0, 0, 0, 0, 0, 0, 0], [0, 1, 2, 3, 4, 5, 6, 7, 8, 9, 10, 11, 12, 13, 14, 15, 16], [0, 2, 4, 6, 8, 10, 12, 14, 16, 18, 20, 22, 24, 26, 28, 30, 32], [0, 3, 6, 9, 12, 15, 18, 21, 24, 27, 30, 33, 36, 39, 42, 45, 48], [0, 4, 8, 12, 16, 20, 24, 28, 32, 36, 40, 44, 48, 52, 56, 60, 64], [0, 5, 10, 15, 20, 25, 30, 35, 40, 45, 50, 55, 60, 65, 70, 75, 80], [0, 6, 12, 18, 24, 30, 36, 42, 48, 54, 60, 66, 72, 78, 84, 90, 96], [0, 7, 14, 21, 28, 35, 42, 49, 56, 63, 70, 77, 84, 91, 98, 105, 112], [0, 8, 16, 24, 32, 40, 48, 56, 64, 72, 80, 88, 96, 104, 112, 120, 128], [0, 9, 18, 27, 36, 45, 54, 63, 72, 81, 90, 99, 108, 117, 126, 135, 144]]": {
      "result": true,
      "time": 0.042981624603271484,
      "error": null
    },
    "assert multi_list(14, 13) == [[0, 0, 0, 0, 0, 0, 0, 0, 0, 0, 0, 0, 0], [0, 1, 2, 3, 4, 5, 6, 7, 8, 9, 10, 11, 12], [0, 2, 4, 6, 8, 10, 12, 14, 16, 18, 20, 22, 24], [0, 3, 6, 9, 12, 15, 18, 21, 24, 27, 30, 33, 36], [0, 4, 8, 12, 16, 20, 24, 28, 32, 36, 40, 44, 48], [0, 5, 10, 15, 20, 25, 30, 35, 40, 45, 50, 55, 60], [0, 6, 12, 18, 24, 30, 36, 42, 48, 54, 60, 66, 72], [0, 7, 14, 21, 28, 35, 42, 49, 56, 63, 70, 77, 84], [0, 8, 16, 24, 32, 40, 48, 56, 64, 72, 80, 88, 96], [0, 9, 18, 27, 36, 45, 54, 63, 72, 81, 90, 99, 108], [0, 10, 20, 30, 40, 50, 60, 70, 80, 90, 100, 110, 120], [0, 11, 22, 33, 44, 55, 66, 77, 88, 99, 110, 121, 132], [0, 12, 24, 36, 48, 60, 72, 84, 96, 108, 120, 132, 144], [0, 13, 26, 39, 52, 65, 78, 91, 104, 117, 130, 143, 156]]": {
      "result": true,
      "time": 0.03863406181335449,
      "error": null
    },
    "assert multi_list(6, 15) == [[0, 0, 0, 0, 0, 0, 0, 0, 0, 0, 0, 0, 0, 0, 0], [0, 1, 2, 3, 4, 5, 6, 7, 8, 9, 10, 11, 12, 13, 14], [0, 2, 4, 6, 8, 10, 12, 14, 16, 18, 20, 22, 24, 26, 28], [0, 3, 6, 9, 12, 15, 18, 21, 24, 27, 30, 33, 36, 39, 42], [0, 4, 8, 12, 16, 20, 24, 28, 32, 36, 40, 44, 48, 52, 56], [0, 5, 10, 15, 20, 25, 30, 35, 40, 45, 50, 55, 60, 65, 70]]": {
      "result": true,
      "time": 0.06122469902038574,
      "error": null
    },
    "assert multi_list(8, 12) == [[0, 0, 0, 0, 0, 0, 0, 0, 0, 0, 0, 0], [0, 1, 2, 3, 4, 5, 6, 7, 8, 9, 10, 11], [0, 2, 4, 6, 8, 10, 12, 14, 16, 18, 20, 22], [0, 3, 6, 9, 12, 15, 18, 21, 24, 27, 30, 33], [0, 4, 8, 12, 16, 20, 24, 28, 32, 36, 40, 44], [0, 5, 10, 15, 20, 25, 30, 35, 40, 45, 50, 55], [0, 6, 12, 18, 24, 30, 36, 42, 48, 54, 60, 66], [0, 7, 14, 21, 28, 35, 42, 49, 56, 63, 70, 77]]": {
      "result": true,
      "time": 0.043541669845581055,
      "error": null
    },
    "assert multi_list(5, 12) == [[0, 0, 0, 0, 0, 0, 0, 0, 0, 0, 0, 0], [0, 1, 2, 3, 4, 5, 6, 7, 8, 9, 10, 11], [0, 2, 4, 6, 8, 10, 12, 14, 16, 18, 20, 22], [0, 3, 6, 9, 12, 15, 18, 21, 24, 27, 30, 33], [0, 4, 8, 12, 16, 20, 24, 28, 32, 36, 40, 44]]": {
      "result": true,
      "time": 0.05108904838562012,
      "error": null
    },
    "assert multi_list(12, 19) == [[0, 0, 0, 0, 0, 0, 0, 0, 0, 0, 0, 0, 0, 0, 0, 0, 0, 0, 0], [0, 1, 2, 3, 4, 5, 6, 7, 8, 9, 10, 11, 12, 13, 14, 15, 16, 17, 18], [0, 2, 4, 6, 8, 10, 12, 14, 16, 18, 20, 22, 24, 26, 28, 30, 32, 34, 36], [0, 3, 6, 9, 12, 15, 18, 21, 24, 27, 30, 33, 36, 39, 42, 45, 48, 51, 54], [0, 4, 8, 12, 16, 20, 24, 28, 32, 36, 40, 44, 48, 52, 56, 60, 64, 68, 72], [0, 5, 10, 15, 20, 25, 30, 35, 40, 45, 50, 55, 60, 65, 70, 75, 80, 85, 90], [0, 6, 12, 18, 24, 30, 36, 42, 48, 54, 60, 66, 72, 78, 84, 90, 96, 102, 108], [0, 7, 14, 21, 28, 35, 42, 49, 56, 63, 70, 77, 84, 91, 98, 105, 112, 119, 126], [0, 8, 16, 24, 32, 40, 48, 56, 64, 72, 80, 88, 96, 104, 112, 120, 128, 136, 144], [0, 9, 18, 27, 36, 45, 54, 63, 72, 81, 90, 99, 108, 117, 126, 135, 144, 153, 162], [0, 10, 20, 30, 40, 50, 60, 70, 80, 90, 100, 110, 120, 130, 140, 150, 160, 170, 180], [0, 11, 22, 33, 44, 55, 66, 77, 88, 99, 110, 121, 132, 143, 154, 165, 176, 187, 198]]": {
      "result": true,
      "time": 0.04605364799499512,
      "error": null
    },
    "assert multi_list(11, 10) == [[0, 0, 0, 0, 0, 0, 0, 0, 0, 0], [0, 1, 2, 3, 4, 5, 6, 7, 8, 9], [0, 2, 4, 6, 8, 10, 12, 14, 16, 18], [0, 3, 6, 9, 12, 15, 18, 21, 24, 27], [0, 4, 8, 12, 16, 20, 24, 28, 32, 36], [0, 5, 10, 15, 20, 25, 30, 35, 40, 45], [0, 6, 12, 18, 24, 30, 36, 42, 48, 54], [0, 7, 14, 21, 28, 35, 42, 49, 56, 63], [0, 8, 16, 24, 32, 40, 48, 56, 64, 72], [0, 9, 18, 27, 36, 45, 54, 63, 72, 81], [0, 10, 20, 30, 40, 50, 60, 70, 80, 90]]": {
      "result": true,
      "time": 0.043280839920043945,
      "error": null
    },
    "assert multi_list(13, 16) == [[0, 0, 0, 0, 0, 0, 0, 0, 0, 0, 0, 0, 0, 0, 0, 0], [0, 1, 2, 3, 4, 5, 6, 7, 8, 9, 10, 11, 12, 13, 14, 15], [0, 2, 4, 6, 8, 10, 12, 14, 16, 18, 20, 22, 24, 26, 28, 30], [0, 3, 6, 9, 12, 15, 18, 21, 24, 27, 30, 33, 36, 39, 42, 45], [0, 4, 8, 12, 16, 20, 24, 28, 32, 36, 40, 44, 48, 52, 56, 60], [0, 5, 10, 15, 20, 25, 30, 35, 40, 45, 50, 55, 60, 65, 70, 75], [0, 6, 12, 18, 24, 30, 36, 42, 48, 54, 60, 66, 72, 78, 84, 90], [0, 7, 14, 21, 28, 35, 42, 49, 56, 63, 70, 77, 84, 91, 98, 105], [0, 8, 16, 24, 32, 40, 48, 56, 64, 72, 80, 88, 96, 104, 112, 120], [0, 9, 18, 27, 36, 45, 54, 63, 72, 81, 90, 99, 108, 117, 126, 135], [0, 10, 20, 30, 40, 50, 60, 70, 80, 90, 100, 110, 120, 130, 140, 150], [0, 11, 22, 33, 44, 55, 66, 77, 88, 99, 110, 121, 132, 143, 154, 165], [0, 12, 24, 36, 48, 60, 72, 84, 96, 108, 120, 132, 144, 156, 168, 180]]": {
      "result": true,
      "time": 0.047460317611694336,
      "error": null
    },
    "assert multi_list(12, 18) == [[0, 0, 0, 0, 0, 0, 0, 0, 0, 0, 0, 0, 0, 0, 0, 0, 0, 0], [0, 1, 2, 3, 4, 5, 6, 7, 8, 9, 10, 11, 12, 13, 14, 15, 16, 17], [0, 2, 4, 6, 8, 10, 12, 14, 16, 18, 20, 22, 24, 26, 28, 30, 32, 34], [0, 3, 6, 9, 12, 15, 18, 21, 24, 27, 30, 33, 36, 39, 42, 45, 48, 51], [0, 4, 8, 12, 16, 20, 24, 28, 32, 36, 40, 44, 48, 52, 56, 60, 64, 68], [0, 5, 10, 15, 20, 25, 30, 35, 40, 45, 50, 55, 60, 65, 70, 75, 80, 85], [0, 6, 12, 18, 24, 30, 36, 42, 48, 54, 60, 66, 72, 78, 84, 90, 96, 102], [0, 7, 14, 21, 28, 35, 42, 49, 56, 63, 70, 77, 84, 91, 98, 105, 112, 119], [0, 8, 16, 24, 32, 40, 48, 56, 64, 72, 80, 88, 96, 104, 112, 120, 128, 136], [0, 9, 18, 27, 36, 45, 54, 63, 72, 81, 90, 99, 108, 117, 126, 135, 144, 153], [0, 10, 20, 30, 40, 50, 60, 70, 80, 90, 100, 110, 120, 130, 140, 150, 160, 170], [0, 11, 22, 33, 44, 55, 66, 77, 88, 99, 110, 121, 132, 143, 154, 165, 176, 187]]": {
      "result": true,
      "time": 0.04138779640197754,
      "error": null
    },
    "assert multi_list(6, 12) == [[0, 0, 0, 0, 0, 0, 0, 0, 0, 0, 0, 0], [0, 1, 2, 3, 4, 5, 6, 7, 8, 9, 10, 11], [0, 2, 4, 6, 8, 10, 12, 14, 16, 18, 20, 22], [0, 3, 6, 9, 12, 15, 18, 21, 24, 27, 30, 33], [0, 4, 8, 12, 16, 20, 24, 28, 32, 36, 40, 44], [0, 5, 10, 15, 20, 25, 30, 35, 40, 45, 50, 55]]": {
      "result": true,
      "time": 0.04589056968688965,
      "error": null
    }
  },
  "passed": true,
  "accuracy": 1.0,
  "general_error": "",
  "has_testcase_error": false
}