{
  "code": "def multi_list(rows, cols):\n    return [[i * j for j in range(cols)] for i in range(rows)]",
  "results": {
    "assert multi_list(3,4)==[[0, 0, 0, 0], [0, 1, 2, 3], [0, 2, 4, 6]] ": {
      "result": true,
      "time": 0.04509878158569336,
      "error": null
    },
    "assert multi_list(5,7)==[[0, 0, 0, 0, 0, 0, 0], [0, 1, 2, 3, 4, 5, 6], [0, 2, 4, 6, 8, 10, 12], [0, 3, 6, 9, 12, 15, 18], [0, 4, 8, 12, 16, 20, 24]]": {
      "result": true,
      "time": 0.03941774368286133,
      "error": null
    },
    "assert multi_list(10,15)==[[0, 0, 0, 0, 0, 0, 0, 0, 0, 0, 0, 0, 0, 0, 0], [0, 1, 2, 3, 4, 5, 6, 7, 8, 9, 10, 11, 12, 13, 14], [0, 2, 4, 6, 8, 10, 12, 14, 16, 18, 20, 22, 24, 26, 28], [0, 3, 6, 9, 12, 15, 18, 21, 24, 27, 30, 33, 36, 39, 42], [0, 4, 8, 12, 16, 20, 24, 28, 32, 36, 40, 44, 48, 52, 56], [0, 5, 10, 15, 20, 25, 30, 35, 40, 45, 50, 55, 60, 65, 70], [0, 6, 12, 18, 24, 30, 36, 42, 48, 54, 60, 66, 72, 78, 84], [0, 7, 14, 21, 28, 35, 42, 49, 56, 63, 70, 77, 84, 91, 98], [0, 8, 16, 24, 32, 40, 48, 56, 64, 72, 80, 88, 96, 104, 112], [0, 9, 18, 27, 36, 45, 54, 63, 72, 81, 90, 99, 108, 117, 126]]": {
      "result": true,
      "time": 0.03783869743347168,
      "error": null
    },
    "assert multi_list(6, 1) == [[0], [0], [0], [0], [0], [0]]": {
      "result": true,
      "time": 0.041728973388671875,
      "error": null
    },
    "assert multi_list(2, 1) == [[0], [0]]": {
      "result": true,
      "time": 0.03583836555480957,
      "error": null
    },
    "assert multi_list(2, 6) == [[0, 0, 0, 0, 0, 0], [0, 1, 2, 3, 4, 5]]": {
      "result": true,
      "time": 0.03890800476074219,
      "error": null
    },
    "assert multi_list(1, 7) == [[0, 0, 0, 0, 0, 0, 0]]": {
      "result": true,
      "time": 0.03932762145996094,
      "error": null
    },
    "assert multi_list(8, 6) == [[0, 0, 0, 0, 0, 0], [0, 1, 2, 3, 4, 5], [0, 2, 4, 6, 8, 10], [0, 3, 6, 9, 12, 15], [0, 4, 8, 12, 16, 20], [0, 5, 10, 15, 20, 25], [0, 6, 12, 18, 24, 30], [0, 7, 14, 21, 28, 35]]": {
      "result": true,
      "time": 0.04183220863342285,
      "error": null
    },
    "assert multi_list(5, 3) == [[0, 0, 0], [0, 1, 2], [0, 2, 4], [0, 3, 6], [0, 4, 8]]": {
      "result": true,
      "time": 0.039572715759277344,
      "error": null
    },
    "assert multi_list(7, 8) == [[0, 0, 0, 0, 0, 0, 0, 0], [0, 1, 2, 3, 4, 5, 6, 7], [0, 2, 4, 6, 8, 10, 12, 14], [0, 3, 6, 9, 12, 15, 18, 21], [0, 4, 8, 12, 16, 20, 24, 28], [0, 5, 10, 15, 20, 25, 30, 35], [0, 6, 12, 18, 24, 30, 36, 42]]": {
      "result": true,
      "time": 0.03551173210144043,
      "error": null
    },
    "assert multi_list(5, 4) == [[0, 0, 0, 0], [0, 1, 2, 3], [0, 2, 4, 6], [0, 3, 6, 9], [0, 4, 8, 12]]": {
      "result": true,
      "time": 0.03699612617492676,
      "error": null
    },
    "assert multi_list(1, 8) == [[0, 0, 0, 0, 0, 0, 0, 0]]": {
      "result": true,
      "time": 0.03686690330505371,
      "error": null
    },
    "assert multi_list(6, 5) == [[0, 0, 0, 0, 0], [0, 1, 2, 3, 4], [0, 2, 4, 6, 8], [0, 3, 6, 9, 12], [0, 4, 8, 12, 16], [0, 5, 10, 15, 20]]": {
      "result": true,
      "time": 0.03868556022644043,
      "error": null
    },
    "assert multi_list(4, 6) == [[0, 0, 0, 0, 0, 0], [0, 1, 2, 3, 4, 5], [0, 2, 4, 6, 8, 10], [0, 3, 6, 9, 12, 15]]": {
      "result": true,
      "time": 0.0449676513671875,
      "error": null
    },
    "assert multi_list(3, 6) == [[0, 0, 0, 0, 0, 0], [0, 1, 2, 3, 4, 5], [0, 2, 4, 6, 8, 10]]": {
      "result": true,
      "time": 0.035407066345214844,
      "error": null
    },
    "assert multi_list(3, 4) == [[0, 0, 0, 0], [0, 1, 2, 3], [0, 2, 4, 6]]": {
      "result": true,
      "time": 0.04707145690917969,
      "error": null
    },
    "assert multi_list(7, 3) == [[0, 0, 0], [0, 1, 2], [0, 2, 4], [0, 3, 6], [0, 4, 8], [0, 5, 10], [0, 6, 12]]": {
      "result": true,
      "time": 0.04815101623535156,
      "error": null
    },
    "assert multi_list(8, 9) == [[0, 0, 0, 0, 0, 0, 0, 0, 0], [0, 1, 2, 3, 4, 5, 6, 7, 8], [0, 2, 4, 6, 8, 10, 12, 14, 16], [0, 3, 6, 9, 12, 15, 18, 21, 24], [0, 4, 8, 12, 16, 20, 24, 28, 32], [0, 5, 10, 15, 20, 25, 30, 35, 40], [0, 6, 12, 18, 24, 30, 36, 42, 48], [0, 7, 14, 21, 28, 35, 42, 49, 56]]": {
      "result": true,
      "time": 0.04067707061767578,
      "error": null
    },
    "assert multi_list(1, 6) == [[0, 0, 0, 0, 0, 0]]": {
      "result": true,
      "time": 0.03382086753845215,
      "error": null
    },
    "assert multi_list(6, 2) == [[0, 0], [0, 1], [0, 2], [0, 3], [0, 4], [0, 5]]": {
      "result": true,
      "time": 0.03717827796936035,
      "error": null
    },
    "assert multi_list(8, 8) == [[0, 0, 0, 0, 0, 0, 0, 0], [0, 1, 2, 3, 4, 5, 6, 7], [0, 2, 4, 6, 8, 10, 12, 14], [0, 3, 6, 9, 12, 15, 18, 21], [0, 4, 8, 12, 16, 20, 24, 28], [0, 5, 10, 15, 20, 25, 30, 35], [0, 6, 12, 18, 24, 30, 36, 42], [0, 7, 14, 21, 28, 35, 42, 49]]": {
      "result": true,
      "time": 0.03351998329162598,
      "error": null
    },
    "assert multi_list(1, 2) == [[0, 0]]": {
      "result": true,
      "time": 0.03753542900085449,
      "error": null
    },
    "assert multi_list(1, 9) == [[0, 0, 0, 0, 0, 0, 0, 0, 0]]": {
      "result": true,
      "time": 0.04523515701293945,
      "error": null
    },
    "assert multi_list(4, 3) == [[0, 0, 0], [0, 1, 2], [0, 2, 4], [0, 3, 6]]": {
      "result": true,
      "time": 0.04064321517944336,
      "error": null
    },
    "assert multi_list(1, 1) == [[0]]": {
      "result": true,
      "time": 0.03633308410644531,
      "error": null
    },
    "assert multi_list(6, 4) == [[0, 0, 0, 0], [0, 1, 2, 3], [0, 2, 4, 6], [0, 3, 6, 9], [0, 4, 8, 12], [0, 5, 10, 15]]": {
      "result": true,
      "time": 0.04013419151306152,
      "error": null
    },
    "assert multi_list(1, 5) == [[0, 0, 0, 0, 0]]": {
      "result": true,
      "time": 0.045252084732055664,
      "error": null
    },
    "assert multi_list(7, 1) == [[0], [0], [0], [0], [0], [0], [0]]": {
      "result": true,
      "time": 0.04623675346374512,
      "error": null
    },
    "assert multi_list(9, 12) == [[0, 0, 0, 0, 0, 0, 0, 0, 0, 0, 0, 0], [0, 1, 2, 3, 4, 5, 6, 7, 8, 9, 10, 11], [0, 2, 4, 6, 8, 10, 12, 14, 16, 18, 20, 22], [0, 3, 6, 9, 12, 15, 18, 21, 24, 27, 30, 33], [0, 4, 8, 12, 16, 20, 24, 28, 32, 36, 40, 44], [0, 5, 10, 15, 20, 25, 30, 35, 40, 45, 50, 55], [0, 6, 12, 18, 24, 30, 36, 42, 48, 54, 60, 66], [0, 7, 14, 21, 28, 35, 42, 49, 56, 63, 70, 77], [0, 8, 16, 24, 32, 40, 48, 56, 64, 72, 80, 88]]": {
      "result": true,
      "time": 0.047650814056396484,
      "error": null
    },
    "assert multi_list(3, 10) == [[0, 0, 0, 0, 0, 0, 0, 0, 0, 0], [0, 1, 2, 3, 4, 5, 6, 7, 8, 9], [0, 2, 4, 6, 8, 10, 12, 14, 16, 18]]": {
      "result": true,
      "time": 0.04397320747375488,
      "error": null
    },
    "assert multi_list(3, 11) == [[0, 0, 0, 0, 0, 0, 0, 0, 0, 0, 0], [0, 1, 2, 3, 4, 5, 6, 7, 8, 9, 10], [0, 2, 4, 6, 8, 10, 12, 14, 16, 18, 20]]": {
      "result": true,
      "time": 0.046875953674316406,
      "error": null
    },
    "assert multi_list(4, 12) == [[0, 0, 0, 0, 0, 0, 0, 0, 0, 0, 0, 0], [0, 1, 2, 3, 4, 5, 6, 7, 8, 9, 10, 11], [0, 2, 4, 6, 8, 10, 12, 14, 16, 18, 20, 22], [0, 3, 6, 9, 12, 15, 18, 21, 24, 27, 30, 33]]": {
      "result": true,
      "time": 0.04212141036987305,
      "error": null
    },
    "assert multi_list(9, 3) == [[0, 0, 0], [0, 1, 2], [0, 2, 4], [0, 3, 6], [0, 4, 8], [0, 5, 10], [0, 6, 12], [0, 7, 14], [0, 8, 16]]": {
      "result": true,
      "time": 0.04216194152832031,
      "error": null
    },
    "assert multi_list(2, 3) == [[0, 0, 0], [0, 1, 2]]": {
      "result": true,
      "time": 0.044240474700927734,
      "error": null
    },
    "assert multi_list(2, 11) == [[0, 0, 0, 0, 0, 0, 0, 0, 0, 0, 0], [0, 1, 2, 3, 4, 5, 6, 7, 8, 9, 10]]": {
      "result": true,
      "time": 0.045316219329833984,
      "error": null
    },
    "assert multi_list(4, 11) == [[0, 0, 0, 0, 0, 0, 0, 0, 0, 0, 0], [0, 1, 2, 3, 4, 5, 6, 7, 8, 9, 10], [0, 2, 4, 6, 8, 10, 12, 14, 16, 18, 20], [0, 3, 6, 9, 12, 15, 18, 21, 24, 27, 30]]": {
      "result": true,
      "time": 0.03918933868408203,
      "error": null
    },
    "assert multi_list(2, 4) == [[0, 0, 0, 0], [0, 1, 2, 3]]": {
      "result": true,
      "time": 0.038279056549072266,
      "error": null
    },
    "assert multi_list(1, 11) == [[0, 0, 0, 0, 0, 0, 0, 0, 0, 0, 0]]": {
      "result": true,
      "time": 0.04158639907836914,
      "error": null
    },
    "assert multi_list(5, 9) == [[0, 0, 0, 0, 0, 0, 0, 0, 0], [0, 1, 2, 3, 4, 5, 6, 7, 8], [0, 2, 4, 6, 8, 10, 12, 14, 16], [0, 3, 6, 9, 12, 15, 18, 21, 24], [0, 4, 8, 12, 16, 20, 24, 28, 32]]": {
      "result": true,
      "time": 0.04570460319519043,
      "error": null
    },
    "assert multi_list(8, 11) == [[0, 0, 0, 0, 0, 0, 0, 0, 0, 0, 0], [0, 1, 2, 3, 4, 5, 6, 7, 8, 9, 10], [0, 2, 4, 6, 8, 10, 12, 14, 16, 18, 20], [0, 3, 6, 9, 12, 15, 18, 21, 24, 27, 30], [0, 4, 8, 12, 16, 20, 24, 28, 32, 36, 40], [0, 5, 10, 15, 20, 25, 30, 35, 40, 45, 50], [0, 6, 12, 18, 24, 30, 36, 42, 48, 54, 60], [0, 7, 14, 21, 28, 35, 42, 49, 56, 63, 70]]": {
      "result": true,
      "time": 0.049861907958984375,
      "error": null
    },
    "assert multi_list(7, 2) == [[0, 0], [0, 1], [0, 2], [0, 3], [0, 4], [0, 5], [0, 6]]": {
      "result": true,
      "time": 0.05173683166503906,
      "error": null
    },
    "assert multi_list(7, 12) == [[0, 0, 0, 0, 0, 0, 0, 0, 0, 0, 0, 0], [0, 1, 2, 3, 4, 5, 6, 7, 8, 9, 10, 11], [0, 2, 4, 6, 8, 10, 12, 14, 16, 18, 20, 22], [0, 3, 6, 9, 12, 15, 18, 21, 24, 27, 30, 33], [0, 4, 8, 12, 16, 20, 24, 28, 32, 36, 40, 44], [0, 5, 10, 15, 20, 25, 30, 35, 40, 45, 50, 55], [0, 6, 12, 18, 24, 30, 36, 42, 48, 54, 60, 66]]": {
      "result": true,
      "time": 0.03919243812561035,
      "error": null
    },
    "assert multi_list(7, 7) == [[0, 0, 0, 0, 0, 0, 0], [0, 1, 2, 3, 4, 5, 6], [0, 2, 4, 6, 8, 10, 12], [0, 3, 6, 9, 12, 15, 18], [0, 4, 8, 12, 16, 20, 24], [0, 5, 10, 15, 20, 25, 30], [0, 6, 12, 18, 24, 30, 36]]": {
      "result": true,
      "time": 0.036710262298583984,
      "error": null
    },
    "assert multi_list(9, 4) == [[0, 0, 0, 0], [0, 1, 2, 3], [0, 2, 4, 6], [0, 3, 6, 9], [0, 4, 8, 12], [0, 5, 10, 15], [0, 6, 12, 18], [0, 7, 14, 21], [0, 8, 16, 24]]": {
      "result": true,
      "time": 0.0470731258392334,
      "error": null
    },
    "assert multi_list(7, 6) == [[0, 0, 0, 0, 0, 0], [0, 1, 2, 3, 4, 5], [0, 2, 4, 6, 8, 10], [0, 3, 6, 9, 12, 15], [0, 4, 8, 12, 16, 20], [0, 5, 10, 15, 20, 25], [0, 6, 12, 18, 24, 30]]": {
      "result": true,
      "time": 0.054761648178100586,
      "error": null
    },
    "assert multi_list(10, 9) == [[0, 0, 0, 0, 0, 0, 0, 0, 0], [0, 1, 2, 3, 4, 5, 6, 7, 8], [0, 2, 4, 6, 8, 10, 12, 14, 16], [0, 3, 6, 9, 12, 15, 18, 21, 24], [0, 4, 8, 12, 16, 20, 24, 28, 32], [0, 5, 10, 15, 20, 25, 30, 35, 40], [0, 6, 12, 18, 24, 30, 36, 42, 48], [0, 7, 14, 21, 28, 35, 42, 49, 56], [0, 8, 16, 24, 32, 40, 48, 56, 64], [0, 9, 18, 27, 36, 45, 54, 63, 72]]": {
      "result": true,
      "time": 0.05291247367858887,
      "error": null
    },
    "assert multi_list(10, 8) == [[0, 0, 0, 0, 0, 0, 0, 0], [0, 1, 2, 3, 4, 5, 6, 7], [0, 2, 4, 6, 8, 10, 12, 14], [0, 3, 6, 9, 12, 15, 18, 21], [0, 4, 8, 12, 16, 20, 24, 28], [0, 5, 10, 15, 20, 25, 30, 35], [0, 6, 12, 18, 24, 30, 36, 42], [0, 7, 14, 21, 28, 35, 42, 49], [0, 8, 16, 24, 32, 40, 48, 56], [0, 9, 18, 27, 36, 45, 54, 63]]": {
      "result": true,
      "time": 0.04544782638549805,
      "error": null
    },
    "assert multi_list(5, 11) == [[0, 0, 0, 0, 0, 0, 0, 0, 0, 0, 0], [0, 1, 2, 3, 4, 5, 6, 7, 8, 9, 10], [0, 2, 4, 6, 8, 10, 12, 14, 16, 18, 20], [0, 3, 6, 9, 12, 15, 18, 21, 24, 27, 30], [0, 4, 8, 12, 16, 20, 24, 28, 32, 36, 40]]": {
      "result": true,
      "time": 0.05528116226196289,
      "error": null
    },
    "assert multi_list(3, 2) == [[0, 0], [0, 1], [0, 2]]": {
      "result": true,
      "time": 0.04620361328125,
      "error": null
    },
    "assert multi_list(9, 10) == [[0, 0, 0, 0, 0, 0, 0, 0, 0, 0], [0, 1, 2, 3, 4, 5, 6, 7, 8, 9], [0, 2, 4, 6, 8, 10, 12, 14, 16, 18], [0, 3, 6, 9, 12, 15, 18, 21, 24, 27], [0, 4, 8, 12, 16, 20, 24, 28, 32, 36], [0, 5, 10, 15, 20, 25, 30, 35, 40, 45], [0, 6, 12, 18, 24, 30, 36, 42, 48, 54], [0, 7, 14, 21, 28, 35, 42, 49, 56, 63], [0, 8, 16, 24, 32, 40, 48, 56, 64, 72]]": {
      "result": true,
      "time": 0.054213762283325195,
      "error": null
    },
    "assert multi_list(12, 17) == [[0, 0, 0, 0, 0, 0, 0, 0, 0, 0, 0, 0, 0, 0, 0, 0, 0], [0, 1, 2, 3, 4, 5, 6, 7, 8, 9, 10, 11, 12, 13, 14, 15, 16], [0, 2, 4, 6, 8, 10, 12, 14, 16, 18, 20, 22, 24, 26, 28, 30, 32], [0, 3, 6, 9, 12, 15, 18, 21, 24, 27, 30, 33, 36, 39, 42, 45, 48], [0, 4, 8, 12, 16, 20, 24, 28, 32, 36, 40, 44, 48, 52, 56, 60, 64], [0, 5, 10, 15, 20, 25, 30, 35, 40, 45, 50, 55, 60, 65, 70, 75, 80], [0, 6, 12, 18, 24, 30, 36, 42, 48, 54, 60, 66, 72, 78, 84, 90, 96], [0, 7, 14, 21, 28, 35, 42, 49, 56, 63, 70, 77, 84, 91, 98, 105, 112], [0, 8, 16, 24, 32, 40, 48, 56, 64, 72, 80, 88, 96, 104, 112, 120, 128], [0, 9, 18, 27, 36, 45, 54, 63, 72, 81, 90, 99, 108, 117, 126, 135, 144], [0, 10, 20, 30, 40, 50, 60, 70, 80, 90, 100, 110, 120, 130, 140, 150, 160], [0, 11, 22, 33, 44, 55, 66, 77, 88, 99, 110, 121, 132, 143, 154, 165, 176]]": {
      "result": true,
      "time": 0.04839801788330078,
      "error": null
    },
    "assert multi_list(15, 16) == [[0, 0, 0, 0, 0, 0, 0, 0, 0, 0, 0, 0, 0, 0, 0, 0], [0, 1, 2, 3, 4, 5, 6, 7, 8, 9, 10, 11, 12, 13, 14, 15], [0, 2, 4, 6, 8, 10, 12, 14, 16, 18, 20, 22, 24, 26, 28, 30], [0, 3, 6, 9, 12, 15, 18, 21, 24, 27, 30, 33, 36, 39, 42, 45], [0, 4, 8, 12, 16, 20, 24, 28, 32, 36, 40, 44, 48, 52, 56, 60], [0, 5, 10, 15, 20, 25, 30, 35, 40, 45, 50, 55, 60, 65, 70, 75], [0, 6, 12, 18, 24, 30, 36, 42, 48, 54, 60, 66, 72, 78, 84, 90], [0, 7, 14, 21, 28, 35, 42, 49, 56, 63, 70, 77, 84, 91, 98, 105], [0, 8, 16, 24, 32, 40, 48, 56, 64, 72, 80, 88, 96, 104, 112, 120], [0, 9, 18, 27, 36, 45, 54, 63, 72, 81, 90, 99, 108, 117, 126, 135], [0, 10, 20, 30, 40, 50, 60, 70, 80, 90, 100, 110, 120, 130, 140, 150], [0, 11, 22, 33, 44, 55, 66, 77, 88, 99, 110, 121, 132, 143, 154, 165], [0, 12, 24, 36, 48, 60, 72, 84, 96, 108, 120, 132, 144, 156, 168, 180], [0, 13, 26, 39, 52, 65, 78, 91, 104, 117, 130, 143, 156, 169, 182, 195], [0, 14, 28, 42, 56, 70, 84, 98, 112, 126, 140, 154, 168, 182, 196, 210]]": {
      "result": true,
      "time": 0.0473484992980957,
      "error": null
    },
    "assert multi_list(9, 18) == [[0, 0, 0, 0, 0, 0, 0, 0, 0, 0, 0, 0, 0, 0, 0, 0, 0, 0], [0, 1, 2, 3, 4, 5, 6, 7, 8, 9, 10, 11, 12, 13, 14, 15, 16, 17], [0, 2, 4, 6, 8, 10, 12, 14, 16, 18, 20, 22, 24, 26, 28, 30, 32, 34], [0, 3, 6, 9, 12, 15, 18, 21, 24, 27, 30, 33, 36, 39, 42, 45, 48, 51], [0, 4, 8, 12, 16, 20, 24, 28, 32, 36, 40, 44, 48, 52, 56, 60, 64, 68], [0, 5, 10, 15, 20, 25, 30, 35, 40, 45, 50, 55, 60, 65, 70, 75, 80, 85], [0, 6, 12, 18, 24, 30, 36, 42, 48, 54, 60, 66, 72, 78, 84, 90, 96, 102], [0, 7, 14, 21, 28, 35, 42, 49, 56, 63, 70, 77, 84, 91, 98, 105, 112, 119], [0, 8, 16, 24, 32, 40, 48, 56, 64, 72, 80, 88, 96, 104, 112, 120, 128, 136]]": {
      "result": true,
      "time": 0.04028606414794922,
      "error": null
    },
    "assert multi_list(7, 16) == [[0, 0, 0, 0, 0, 0, 0, 0, 0, 0, 0, 0, 0, 0, 0, 0], [0, 1, 2, 3, 4, 5, 6, 7, 8, 9, 10, 11, 12, 13, 14, 15], [0, 2, 4, 6, 8, 10, 12, 14, 16, 18, 20, 22, 24, 26, 28, 30], [0, 3, 6, 9, 12, 15, 18, 21, 24, 27, 30, 33, 36, 39, 42, 45], [0, 4, 8, 12, 16, 20, 24, 28, 32, 36, 40, 44, 48, 52, 56, 60], [0, 5, 10, 15, 20, 25, 30, 35, 40, 45, 50, 55, 60, 65, 70, 75], [0, 6, 12, 18, 24, 30, 36, 42, 48, 54, 60, 66, 72, 78, 84, 90]]": {
      "result": true,
      "time": 0.043918609619140625,
      "error": null
    },
    "assert multi_list(11, 13) == [[0, 0, 0, 0, 0, 0, 0, 0, 0, 0, 0, 0, 0], [0, 1, 2, 3, 4, 5, 6, 7, 8, 9, 10, 11, 12], [0, 2, 4, 6, 8, 10, 12, 14, 16, 18, 20, 22, 24], [0, 3, 6, 9, 12, 15, 18, 21, 24, 27, 30, 33, 36], [0, 4, 8, 12, 16, 20, 24, 28, 32, 36, 40, 44, 48], [0, 5, 10, 15, 20, 25, 30, 35, 40, 45, 50, 55, 60], [0, 6, 12, 18, 24, 30, 36, 42, 48, 54, 60, 66, 72], [0, 7, 14, 21, 28, 35, 42, 49, 56, 63, 70, 77, 84], [0, 8, 16, 24, 32, 40, 48, 56, 64, 72, 80, 88, 96], [0, 9, 18, 27, 36, 45, 54, 63, 72, 81, 90, 99, 108], [0, 10, 20, 30, 40, 50, 60, 70, 80, 90, 100, 110, 120]]": {
      "result": true,
      "time": 0.04420113563537598,
      "error": null
    },
    "assert multi_list(13, 17) == [[0, 0, 0, 0, 0, 0, 0, 0, 0, 0, 0, 0, 0, 0, 0, 0, 0], [0, 1, 2, 3, 4, 5, 6, 7, 8, 9, 10, 11, 12, 13, 14, 15, 16], [0, 2, 4, 6, 8, 10, 12, 14, 16, 18, 20, 22, 24, 26, 28, 30, 32], [0, 3, 6, 9, 12, 15, 18, 21, 24, 27, 30, 33, 36, 39, 42, 45, 48], [0, 4, 8, 12, 16, 20, 24, 28, 32, 36, 40, 44, 48, 52, 56, 60, 64], [0, 5, 10, 15, 20, 25, 30, 35, 40, 45, 50, 55, 60, 65, 70, 75, 80], [0, 6, 12, 18, 24, 30, 36, 42, 48, 54, 60, 66, 72, 78, 84, 90, 96], [0, 7, 14, 21, 28, 35, 42, 49, 56, 63, 70, 77, 84, 91, 98, 105, 112], [0, 8, 16, 24, 32, 40, 48, 56, 64, 72, 80, 88, 96, 104, 112, 120, 128], [0, 9, 18, 27, 36, 45, 54, 63, 72, 81, 90, 99, 108, 117, 126, 135, 144], [0, 10, 20, 30, 40, 50, 60, 70, 80, 90, 100, 110, 120, 130, 140, 150, 160], [0, 11, 22, 33, 44, 55, 66, 77, 88, 99, 110, 121, 132, 143, 154, 165, 176], [0, 12, 24, 36, 48, 60, 72, 84, 96, 108, 120, 132, 144, 156, 168, 180, 192]]": {
      "result": true,
      "time": 0.05768465995788574,
      "error": null
    },
    "assert multi_list(14, 18) == [[0, 0, 0, 0, 0, 0, 0, 0, 0, 0, 0, 0, 0, 0, 0, 0, 0, 0], [0, 1, 2, 3, 4, 5, 6, 7, 8, 9, 10, 11, 12, 13, 14, 15, 16, 17], [0, 2, 4, 6, 8, 10, 12, 14, 16, 18, 20, 22, 24, 26, 28, 30, 32, 34], [0, 3, 6, 9, 12, 15, 18, 21, 24, 27, 30, 33, 36, 39, 42, 45, 48, 51], [0, 4, 8, 12, 16, 20, 24, 28, 32, 36, 40, 44, 48, 52, 56, 60, 64, 68], [0, 5, 10, 15, 20, 25, 30, 35, 40, 45, 50, 55, 60, 65, 70, 75, 80, 85], [0, 6, 12, 18, 24, 30, 36, 42, 48, 54, 60, 66, 72, 78, 84, 90, 96, 102], [0, 7, 14, 21, 28, 35, 42, 49, 56, 63, 70, 77, 84, 91, 98, 105, 112, 119], [0, 8, 16, 24, 32, 40, 48, 56, 64, 72, 80, 88, 96, 104, 112, 120, 128, 136], [0, 9, 18, 27, 36, 45, 54, 63, 72, 81, 90, 99, 108, 117, 126, 135, 144, 153], [0, 10, 20, 30, 40, 50, 60, 70, 80, 90, 100, 110, 120, 130, 140, 150, 160, 170], [0, 11, 22, 33, 44, 55, 66, 77, 88, 99, 110, 121, 132, 143, 154, 165, 176, 187], [0, 12, 24, 36, 48, 60, 72, 84, 96, 108, 120, 132, 144, 156, 168, 180, 192, 204], [0, 13, 26, 39, 52, 65, 78, 91, 104, 117, 130, 143, 156, 169, 182, 195, 208, 221]]": {
      "result": true,
      "time": 0.05046558380126953,
      "error": null
    },
    "assert multi_list(12, 15) == [[0, 0, 0, 0, 0, 0, 0, 0, 0, 0, 0, 0, 0, 0, 0], [0, 1, 2, 3, 4, 5, 6, 7, 8, 9, 10, 11, 12, 13, 14], [0, 2, 4, 6, 8, 10, 12, 14, 16, 18, 20, 22, 24, 26, 28], [0, 3, 6, 9, 12, 15, 18, 21, 24, 27, 30, 33, 36, 39, 42], [0, 4, 8, 12, 16, 20, 24, 28, 32, 36, 40, 44, 48, 52, 56], [0, 5, 10, 15, 20, 25, 30, 35, 40, 45, 50, 55, 60, 65, 70], [0, 6, 12, 18, 24, 30, 36, 42, 48, 54, 60, 66, 72, 78, 84], [0, 7, 14, 21, 28, 35, 42, 49, 56, 63, 70, 77, 84, 91, 98], [0, 8, 16, 24, 32, 40, 48, 56, 64, 72, 80, 88, 96, 104, 112], [0, 9, 18, 27, 36, 45, 54, 63, 72, 81, 90, 99, 108, 117, 126], [0, 10, 20, 30, 40, 50, 60, 70, 80, 90, 100, 110, 120, 130, 140], [0, 11, 22, 33, 44, 55, 66, 77, 88, 99, 110, 121, 132, 143, 154]]": {
      "result": true,
      "time": 0.04888153076171875,
      "error": null
    },
    "assert multi_list(5, 15) == [[0, 0, 0, 0, 0, 0, 0, 0, 0, 0, 0, 0, 0, 0, 0], [0, 1, 2, 3, 4, 5, 6, 7, 8, 9, 10, 11, 12, 13, 14], [0, 2, 4, 6, 8, 10, 12, 14, 16, 18, 20, 22, 24, 26, 28], [0, 3, 6, 9, 12, 15, 18, 21, 24, 27, 30, 33, 36, 39, 42], [0, 4, 8, 12, 16, 20, 24, 28, 32, 36, 40, 44, 48, 52, 56]]": {
      "result": true,
      "time": 0.046489715576171875,
      "error": null
    },
    "assert multi_list(6, 10) == [[0, 0, 0, 0, 0, 0, 0, 0, 0, 0], [0, 1, 2, 3, 4, 5, 6, 7, 8, 9], [0, 2, 4, 6, 8, 10, 12, 14, 16, 18], [0, 3, 6, 9, 12, 15, 18, 21, 24, 27], [0, 4, 8, 12, 16, 20, 24, 28, 32, 36], [0, 5, 10, 15, 20, 25, 30, 35, 40, 45]]": {
      "result": true,
      "time": 0.05106186866760254,
      "error": null
    },
    "assert multi_list(8, 16) == [[0, 0, 0, 0, 0, 0, 0, 0, 0, 0, 0, 0, 0, 0, 0, 0], [0, 1, 2, 3, 4, 5, 6, 7, 8, 9, 10, 11, 12, 13, 14, 15], [0, 2, 4, 6, 8, 10, 12, 14, 16, 18, 20, 22, 24, 26, 28, 30], [0, 3, 6, 9, 12, 15, 18, 21, 24, 27, 30, 33, 36, 39, 42, 45], [0, 4, 8, 12, 16, 20, 24, 28, 32, 36, 40, 44, 48, 52, 56, 60], [0, 5, 10, 15, 20, 25, 30, 35, 40, 45, 50, 55, 60, 65, 70, 75], [0, 6, 12, 18, 24, 30, 36, 42, 48, 54, 60, 66, 72, 78, 84, 90], [0, 7, 14, 21, 28, 35, 42, 49, 56, 63, 70, 77, 84, 91, 98, 105]]": {
      "result": true,
      "time": 0.04030942916870117,
      "error": null
    },
    "assert multi_list(8, 10) == [[0, 0, 0, 0, 0, 0, 0, 0, 0, 0], [0, 1, 2, 3, 4, 5, 6, 7, 8, 9], [0, 2, 4, 6, 8, 10, 12, 14, 16, 18], [0, 3, 6, 9, 12, 15, 18, 21, 24, 27], [0, 4, 8, 12, 16, 20, 24, 28, 32, 36], [0, 5, 10, 15, 20, 25, 30, 35, 40, 45], [0, 6, 12, 18, 24, 30, 36, 42, 48, 54], [0, 7, 14, 21, 28, 35, 42, 49, 56, 63]]": {
      "result": true,
      "time": 0.04186081886291504,
      "error": null
    },
    "assert multi_list(7, 13) == [[0, 0, 0, 0, 0, 0, 0, 0, 0, 0, 0, 0, 0], [0, 1, 2, 3, 4, 5, 6, 7, 8, 9, 10, 11, 12], [0, 2, 4, 6, 8, 10, 12, 14, 16, 18, 20, 22, 24], [0, 3, 6, 9, 12, 15, 18, 21, 24, 27, 30, 33, 36], [0, 4, 8, 12, 16, 20, 24, 28, 32, 36, 40, 44, 48], [0, 5, 10, 15, 20, 25, 30, 35, 40, 45, 50, 55, 60], [0, 6, 12, 18, 24, 30, 36, 42, 48, 54, 60, 66, 72]]": {
      "result": true,
      "time": 0.041083335876464844,
      "error": null
    },
    "assert multi_list(10, 13) == [[0, 0, 0, 0, 0, 0, 0, 0, 0, 0, 0, 0, 0], [0, 1, 2, 3, 4, 5, 6, 7, 8, 9, 10, 11, 12], [0, 2, 4, 6, 8, 10, 12, 14, 16, 18, 20, 22, 24], [0, 3, 6, 9, 12, 15, 18, 21, 24, 27, 30, 33, 36], [0, 4, 8, 12, 16, 20, 24, 28, 32, 36, 40, 44, 48], [0, 5, 10, 15, 20, 25, 30, 35, 40, 45, 50, 55, 60], [0, 6, 12, 18, 24, 30, 36, 42, 48, 54, 60, 66, 72], [0, 7, 14, 21, 28, 35, 42, 49, 56, 63, 70, 77, 84], [0, 8, 16, 24, 32, 40, 48, 56, 64, 72, 80, 88, 96], [0, 9, 18, 27, 36, 45, 54, 63, 72, 81, 90, 99, 108]]": {
      "result": true,
      "time": 0.05007052421569824,
      "error": null
    },
    "assert multi_list(6, 11) == [[0, 0, 0, 0, 0, 0, 0, 0, 0, 0, 0], [0, 1, 2, 3, 4, 5, 6, 7, 8, 9, 10], [0, 2, 4, 6, 8, 10, 12, 14, 16, 18, 20], [0, 3, 6, 9, 12, 15, 18, 21, 24, 27, 30], [0, 4, 8, 12, 16, 20, 24, 28, 32, 36, 40], [0, 5, 10, 15, 20, 25, 30, 35, 40, 45, 50]]": {
      "result": true,
      "time": 0.03938412666320801,
      "error": null
    },
    "assert multi_list(7, 14) == [[0, 0, 0, 0, 0, 0, 0, 0, 0, 0, 0, 0, 0, 0], [0, 1, 2, 3, 4, 5, 6, 7, 8, 9, 10, 11, 12, 13], [0, 2, 4, 6, 8, 10, 12, 14, 16, 18, 20, 22, 24, 26], [0, 3, 6, 9, 12, 15, 18, 21, 24, 27, 30, 33, 36, 39], [0, 4, 8, 12, 16, 20, 24, 28, 32, 36, 40, 44, 48, 52], [0, 5, 10, 15, 20, 25, 30, 35, 40, 45, 50, 55, 60, 65], [0, 6, 12, 18, 24, 30, 36, 42, 48, 54, 60, 66, 72, 78]]": {
      "result": true,
      "time": 0.05040860176086426,
      "error": null
    },
    "assert multi_list(10, 14) == [[0, 0, 0, 0, 0, 0, 0, 0, 0, 0, 0, 0, 0, 0], [0, 1, 2, 3, 4, 5, 6, 7, 8, 9, 10, 11, 12, 13], [0, 2, 4, 6, 8, 10, 12, 14, 16, 18, 20, 22, 24, 26], [0, 3, 6, 9, 12, 15, 18, 21, 24, 27, 30, 33, 36, 39], [0, 4, 8, 12, 16, 20, 24, 28, 32, 36, 40, 44, 48, 52], [0, 5, 10, 15, 20, 25, 30, 35, 40, 45, 50, 55, 60, 65], [0, 6, 12, 18, 24, 30, 36, 42, 48, 54, 60, 66, 72, 78], [0, 7, 14, 21, 28, 35, 42, 49, 56, 63, 70, 77, 84, 91], [0, 8, 16, 24, 32, 40, 48, 56, 64, 72, 80, 88, 96, 104], [0, 9, 18, 27, 36, 45, 54, 63, 72, 81, 90, 99, 108, 117]]": {
      "result": true,
      "time": 0.04579424858093262,
      "error": null
    },
    "assert multi_list(5, 20) == [[0, 0, 0, 0, 0, 0, 0, 0, 0, 0, 0, 0, 0, 0, 0, 0, 0, 0, 0, 0], [0, 1, 2, 3, 4, 5, 6, 7, 8, 9, 10, 11, 12, 13, 14, 15, 16, 17, 18, 19], [0, 2, 4, 6, 8, 10, 12, 14, 16, 18, 20, 22, 24, 26, 28, 30, 32, 34, 36, 38], [0, 3, 6, 9, 12, 15, 18, 21, 24, 27, 30, 33, 36, 39, 42, 45, 48, 51, 54, 57], [0, 4, 8, 12, 16, 20, 24, 28, 32, 36, 40, 44, 48, 52, 56, 60, 64, 68, 72, 76]]": {
      "result": true,
      "time": 0.0444796085357666,
      "error": null
    },
    "assert multi_list(14, 16) == [[0, 0, 0, 0, 0, 0, 0, 0, 0, 0, 0, 0, 0, 0, 0, 0], [0, 1, 2, 3, 4, 5, 6, 7, 8, 9, 10, 11, 12, 13, 14, 15], [0, 2, 4, 6, 8, 10, 12, 14, 16, 18, 20, 22, 24, 26, 28, 30], [0, 3, 6, 9, 12, 15, 18, 21, 24, 27, 30, 33, 36, 39, 42, 45], [0, 4, 8, 12, 16, 20, 24, 28, 32, 36, 40, 44, 48, 52, 56, 60], [0, 5, 10, 15, 20, 25, 30, 35, 40, 45, 50, 55, 60, 65, 70, 75], [0, 6, 12, 18, 24, 30, 36, 42, 48, 54, 60, 66, 72, 78, 84, 90], [0, 7, 14, 21, 28, 35, 42, 49, 56, 63, 70, 77, 84, 91, 98, 105], [0, 8, 16, 24, 32, 40, 48, 56, 64, 72, 80, 88, 96, 104, 112, 120], [0, 9, 18, 27, 36, 45, 54, 63, 72, 81, 90, 99, 108, 117, 126, 135], [0, 10, 20, 30, 40, 50, 60, 70, 80, 90, 100, 110, 120, 130, 140, 150], [0, 11, 22, 33, 44, 55, 66, 77, 88, 99, 110, 121, 132, 143, 154, 165], [0, 12, 24, 36, 48, 60, 72, 84, 96, 108, 120, 132, 144, 156, 168, 180], [0, 13, 26, 39, 52, 65, 78, 91, 104, 117, 130, 143, 156, 169, 182, 195]]": {
      "result": true,
      "time": 0.051369667053222656,
      "error": null
    },
    "assert multi_list(10, 17) == [[0, 0, 0, 0, 0, 0, 0, 0, 0, 0, 0, 0, 0, 0, 0, 0, 0], [0, 1, 2, 3, 4, 5, 6, 7, 8, 9, 10, 11, 12, 13, 14, 15, 16], [0, 2, 4, 6, 8, 10, 12, 14, 16, 18, 20, 22, 24, 26, 28, 30, 32], [0, 3, 6, 9, 12, 15, 18, 21, 24, 27, 30, 33, 36, 39, 42, 45, 48], [0, 4, 8, 12, 16, 20, 24, 28, 32, 36, 40, 44, 48, 52, 56, 60, 64], [0, 5, 10, 15, 20, 25, 30, 35, 40, 45, 50, 55, 60, 65, 70, 75, 80], [0, 6, 12, 18, 24, 30, 36, 42, 48, 54, 60, 66, 72, 78, 84, 90, 96], [0, 7, 14, 21, 28, 35, 42, 49, 56, 63, 70, 77, 84, 91, 98, 105, 112], [0, 8, 16, 24, 32, 40, 48, 56, 64, 72, 80, 88, 96, 104, 112, 120, 128], [0, 9, 18, 27, 36, 45, 54, 63, 72, 81, 90, 99, 108, 117, 126, 135, 144]]": {
      "result": true,
      "time": 0.04136800765991211,
      "error": null
    },
    "assert multi_list(14, 13) == [[0, 0, 0, 0, 0, 0, 0, 0, 0, 0, 0, 0, 0], [0, 1, 2, 3, 4, 5, 6, 7, 8, 9, 10, 11, 12], [0, 2, 4, 6, 8, 10, 12, 14, 16, 18, 20, 22, 24], [0, 3, 6, 9, 12, 15, 18, 21, 24, 27, 30, 33, 36], [0, 4, 8, 12, 16, 20, 24, 28, 32, 36, 40, 44, 48], [0, 5, 10, 15, 20, 25, 30, 35, 40, 45, 50, 55, 60], [0, 6, 12, 18, 24, 30, 36, 42, 48, 54, 60, 66, 72], [0, 7, 14, 21, 28, 35, 42, 49, 56, 63, 70, 77, 84], [0, 8, 16, 24, 32, 40, 48, 56, 64, 72, 80, 88, 96], [0, 9, 18, 27, 36, 45, 54, 63, 72, 81, 90, 99, 108], [0, 10, 20, 30, 40, 50, 60, 70, 80, 90, 100, 110, 120], [0, 11, 22, 33, 44, 55, 66, 77, 88, 99, 110, 121, 132], [0, 12, 24, 36, 48, 60, 72, 84, 96, 108, 120, 132, 144], [0, 13, 26, 39, 52, 65, 78, 91, 104, 117, 130, 143, 156]]": {
      "result": true,
      "time": 0.049375057220458984,
      "error": null
    },
    "assert multi_list(6, 15) == [[0, 0, 0, 0, 0, 0, 0, 0, 0, 0, 0, 0, 0, 0, 0], [0, 1, 2, 3, 4, 5, 6, 7, 8, 9, 10, 11, 12, 13, 14], [0, 2, 4, 6, 8, 10, 12, 14, 16, 18, 20, 22, 24, 26, 28], [0, 3, 6, 9, 12, 15, 18, 21, 24, 27, 30, 33, 36, 39, 42], [0, 4, 8, 12, 16, 20, 24, 28, 32, 36, 40, 44, 48, 52, 56], [0, 5, 10, 15, 20, 25, 30, 35, 40, 45, 50, 55, 60, 65, 70]]": {
      "result": true,
      "time": 0.05213427543640137,
      "error": null
    },
    "assert multi_list(8, 12) == [[0, 0, 0, 0, 0, 0, 0, 0, 0, 0, 0, 0], [0, 1, 2, 3, 4, 5, 6, 7, 8, 9, 10, 11], [0, 2, 4, 6, 8, 10, 12, 14, 16, 18, 20, 22], [0, 3, 6, 9, 12, 15, 18, 21, 24, 27, 30, 33], [0, 4, 8, 12, 16, 20, 24, 28, 32, 36, 40, 44], [0, 5, 10, 15, 20, 25, 30, 35, 40, 45, 50, 55], [0, 6, 12, 18, 24, 30, 36, 42, 48, 54, 60, 66], [0, 7, 14, 21, 28, 35, 42, 49, 56, 63, 70, 77]]": {
      "result": true,
      "time": 0.0487060546875,
      "error": null
    },
    "assert multi_list(5, 12) == [[0, 0, 0, 0, 0, 0, 0, 0, 0, 0, 0, 0], [0, 1, 2, 3, 4, 5, 6, 7, 8, 9, 10, 11], [0, 2, 4, 6, 8, 10, 12, 14, 16, 18, 20, 22], [0, 3, 6, 9, 12, 15, 18, 21, 24, 27, 30, 33], [0, 4, 8, 12, 16, 20, 24, 28, 32, 36, 40, 44]]": {
      "result": true,
      "time": 0.04636120796203613,
      "error": null
    },
    "assert multi_list(12, 19) == [[0, 0, 0, 0, 0, 0, 0, 0, 0, 0, 0, 0, 0, 0, 0, 0, 0, 0, 0], [0, 1, 2, 3, 4, 5, 6, 7, 8, 9, 10, 11, 12, 13, 14, 15, 16, 17, 18], [0, 2, 4, 6, 8, 10, 12, 14, 16, 18, 20, 22, 24, 26, 28, 30, 32, 34, 36], [0, 3, 6, 9, 12, 15, 18, 21, 24, 27, 30, 33, 36, 39, 42, 45, 48, 51, 54], [0, 4, 8, 12, 16, 20, 24, 28, 32, 36, 40, 44, 48, 52, 56, 60, 64, 68, 72], [0, 5, 10, 15, 20, 25, 30, 35, 40, 45, 50, 55, 60, 65, 70, 75, 80, 85, 90], [0, 6, 12, 18, 24, 30, 36, 42, 48, 54, 60, 66, 72, 78, 84, 90, 96, 102, 108], [0, 7, 14, 21, 28, 35, 42, 49, 56, 63, 70, 77, 84, 91, 98, 105, 112, 119, 126], [0, 8, 16, 24, 32, 40, 48, 56, 64, 72, 80, 88, 96, 104, 112, 120, 128, 136, 144], [0, 9, 18, 27, 36, 45, 54, 63, 72, 81, 90, 99, 108, 117, 126, 135, 144, 153, 162], [0, 10, 20, 30, 40, 50, 60, 70, 80, 90, 100, 110, 120, 130, 140, 150, 160, 170, 180], [0, 11, 22, 33, 44, 55, 66, 77, 88, 99, 110, 121, 132, 143, 154, 165, 176, 187, 198]]": {
      "result": true,
      "time": 0.04745984077453613,
      "error": null
    },
    "assert multi_list(11, 10) == [[0, 0, 0, 0, 0, 0, 0, 0, 0, 0], [0, 1, 2, 3, 4, 5, 6, 7, 8, 9], [0, 2, 4, 6, 8, 10, 12, 14, 16, 18], [0, 3, 6, 9, 12, 15, 18, 21, 24, 27], [0, 4, 8, 12, 16, 20, 24, 28, 32, 36], [0, 5, 10, 15, 20, 25, 30, 35, 40, 45], [0, 6, 12, 18, 24, 30, 36, 42, 48, 54], [0, 7, 14, 21, 28, 35, 42, 49, 56, 63], [0, 8, 16, 24, 32, 40, 48, 56, 64, 72], [0, 9, 18, 27, 36, 45, 54, 63, 72, 81], [0, 10, 20, 30, 40, 50, 60, 70, 80, 90]]": {
      "result": true,
      "time": 0.04628586769104004,
      "error": null
    },
    "assert multi_list(13, 16) == [[0, 0, 0, 0, 0, 0, 0, 0, 0, 0, 0, 0, 0, 0, 0, 0], [0, 1, 2, 3, 4, 5, 6, 7, 8, 9, 10, 11, 12, 13, 14, 15], [0, 2, 4, 6, 8, 10, 12, 14, 16, 18, 20, 22, 24, 26, 28, 30], [0, 3, 6, 9, 12, 15, 18, 21, 24, 27, 30, 33, 36, 39, 42, 45], [0, 4, 8, 12, 16, 20, 24, 28, 32, 36, 40, 44, 48, 52, 56, 60], [0, 5, 10, 15, 20, 25, 30, 35, 40, 45, 50, 55, 60, 65, 70, 75], [0, 6, 12, 18, 24, 30, 36, 42, 48, 54, 60, 66, 72, 78, 84, 90], [0, 7, 14, 21, 28, 35, 42, 49, 56, 63, 70, 77, 84, 91, 98, 105], [0, 8, 16, 24, 32, 40, 48, 56, 64, 72, 80, 88, 96, 104, 112, 120], [0, 9, 18, 27, 36, 45, 54, 63, 72, 81, 90, 99, 108, 117, 126, 135], [0, 10, 20, 30, 40, 50, 60, 70, 80, 90, 100, 110, 120, 130, 140, 150], [0, 11, 22, 33, 44, 55, 66, 77, 88, 99, 110, 121, 132, 143, 154, 165], [0, 12, 24, 36, 48, 60, 72, 84, 96, 108, 120, 132, 144, 156, 168, 180]]": {
      "result": true,
      "time": 0.04799199104309082,
      "error": null
    },
    "assert multi_list(12, 18) == [[0, 0, 0, 0, 0, 0, 0, 0, 0, 0, 0, 0, 0, 0, 0, 0, 0, 0], [0, 1, 2, 3, 4, 5, 6, 7, 8, 9, 10, 11, 12, 13, 14, 15, 16, 17], [0, 2, 4, 6, 8, 10, 12, 14, 16, 18, 20, 22, 24, 26, 28, 30, 32, 34], [0, 3, 6, 9, 12, 15, 18, 21, 24, 27, 30, 33, 36, 39, 42, 45, 48, 51], [0, 4, 8, 12, 16, 20, 24, 28, 32, 36, 40, 44, 48, 52, 56, 60, 64, 68], [0, 5, 10, 15, 20, 25, 30, 35, 40, 45, 50, 55, 60, 65, 70, 75, 80, 85], [0, 6, 12, 18, 24, 30, 36, 42, 48, 54, 60, 66, 72, 78, 84, 90, 96, 102], [0, 7, 14, 21, 28, 35, 42, 49, 56, 63, 70, 77, 84, 91, 98, 105, 112, 119], [0, 8, 16, 24, 32, 40, 48, 56, 64, 72, 80, 88, 96, 104, 112, 120, 128, 136], [0, 9, 18, 27, 36, 45, 54, 63, 72, 81, 90, 99, 108, 117, 126, 135, 144, 153], [0, 10, 20, 30, 40, 50, 60, 70, 80, 90, 100, 110, 120, 130, 140, 150, 160, 170], [0, 11, 22, 33, 44, 55, 66, 77, 88, 99, 110, 121, 132, 143, 154, 165, 176, 187]]": {
      "result": true,
      "time": 0.048307180404663086,
      "error": null
    },
    "assert multi_list(6, 12) == [[0, 0, 0, 0, 0, 0, 0, 0, 0, 0, 0, 0], [0, 1, 2, 3, 4, 5, 6, 7, 8, 9, 10, 11], [0, 2, 4, 6, 8, 10, 12, 14, 16, 18, 20, 22], [0, 3, 6, 9, 12, 15, 18, 21, 24, 27, 30, 33], [0, 4, 8, 12, 16, 20, 24, 28, 32, 36, 40, 44], [0, 5, 10, 15, 20, 25, 30, 35, 40, 45, 50, 55]]": {
      "result": true,
      "time": 0.044350624084472656,
      "error": null
    }
  },
  "passed": true,
  "accuracy": 1.0,
  "general_error": "",
  "has_testcase_error": false
}